1 0.7067021453125 0.620661140625 0.7091387124999999 0.6042200890625 0.706443059375 0.582492303125 0.6830566234375001 0.5771387140625001 0.68286538125 0.5880949906249999 0.68418946875 0.59909685625 0.689358465625 0.6283243046875 0.6897301796875001 0.62833079375 0.7067021453125 0.620661140625
1 0.516718340625 0.7483686296875 0.50390115 0.7176793625 0.5031656546875001 0.717666525 0.49138061562499996 0.7228876859375 0.477792515625 0.7292396343750001 0.45687175625 0.7325854171875 0.456836253125 0.7346193453125001 0.46409714687500003 0.7417395328125 0.4755673765625 0.7480488703125 0.5115740140625 0.74867736875 0.516718340625 0.7483686296875
1 0.7412058499999999 0.5470124578125 0.7419226234375 0.539670615625 0.7421815015625 0.52483951875 0.728341071875 0.5219104531250001 0.70549170625 0.5215116171874999 0.6946648203125 0.5277505046875001 0.6915894312499999 0.535940559375 0.6914688828125 0.54284678125 0.70123435625 0.5542216843750001 0.710177415625 0.5552390140625 0.7263099703125 0.555520609375 0.7412058499999999 0.5470124578125
1 0.588296215625 0.8604761796875 0.592657346875 0.8456169390625 0.5948391984375 0.832505321875 0.5871674078125 0.8244359234375 0.571622590625 0.8189534281249999 0.57136883125 0.8189489999999999 0.5589653109375 0.8287756749999999 0.558168340625 0.8382352171875 0.55795815625 0.850276659375 0.5595313359375 0.8634883 0.5728544359375001 0.8653896359375001 0.578104115625 0.86548126875 0.588296215625 0.8604761796875
1 0.24462562499999999 0.7626243265625 0.26707295000000003 0.76008631875 0.279552971875 0.7497567703125 0.284730646875 0.736194475 0.2848592828125 0.728824959375 0.28186165625 0.7181549171875 0.2650644484375 0.7085778515625 0.26473824375 0.7085721578124999 0.245382271875 0.7192760812500001 0.2428491375 0.7385687265625 0.2426037390625 0.7526275921875001 0.24462562499999999 0.7626243265625
1 0.20486688437499997 0.32191688749999997 0.218993509375 0.3106859875 0.2214039140625 0.2899593140625 0.214174175 0.281634928125 0.20461992499999998 0.2891198109375 0.1909404046875 0.29373873125 0.19018858593750002 0.2943333734375 0.1843778625 0.2986043109375 0.18152733125 0.30227160625 0.181252703125 0.3180050671875 0.1815578953125 0.3193238359375 0.1889635953125 0.32423239531250003 0.1953824265625 0.3243444375 0.20486688437499997 0.32191688749999997
1 0.7593529765625 0.74175761875 0.751185878125 0.73997615625 0.7353766078125 0.7376515875 0.7253849078125 0.7484998296875001 0.7252718578125 0.7549764390625 0.737062559375 0.765115190625 0.7612943578125 0.7655381578125 0.7615931328125 0.7484213046875 0.7593529765625 0.74175761875
2 0.034301384375 0.4996017109375 0.027956345312500002 0.5315922515625 0.048736484375 0.5345578078125001 0.0591667328125 0.536061890625 0.1025332765625 0.53681885625 0.11005620468749999 0.5356281468749999 0.1359335921875 0.51178691875 0.16534245625 0.484536975 0.1747950671875 0.473423103125 0.1947513171875 0.45728703125000003 0.192846121875 0.4338285125 0.17596080625 0.4066380234375 0.210972875 0.389897096875 0.220879675 0.352763053125 0.2466511046875 0.33499330625 0.2825930390625 0.331282659375 0.3154274265625 0.30669521093749996 0.355249071875 0.2796270234375 0.387108146875 0.244611471875 0.42473300781249995 0.20829395 0.4247897359375 0.2050439765625 0.40574964218750004 0.171190515625 0.35730803906249997 0.1616689328125 0.3089421296875 0.147810653125 0.2567029125 0.223247928125 0.2380096390625 0.2333329140625 0.25583996249999996 0.272686290625 0.26150373125000004 0.27972587187500003 0.21495217812499998 0.2945301984375 0.181339296875 0.2974139734375 0.1385614984375 0.2949319734375 0.11198129375000002 0.29273283437500003 0.099444175 0.312468896875 0.0919270375 0.3453066375 0.0904066859375 0.36610252499999996 0.08316197187499999 0.3833281328125 0.06648712500000001 0.3795667109375 0.0695038625 0.4056474671875 0.029582001562499998 0.41241041406249995 0.029413709375000003 0.4220518734375 0.03088461875 0.4301338078125 0.0501747328125 0.4521606 0.0583116921875 0.480933565625 0.034301384375 0.4996017109375
2 0.5041992343749999 0 0.4834182171875 0.022562475000000002 0.4460619078125 0.0409976640625 0.4247518875 0.0683889734375 0.4046291015625 0.0940658265625 0.40374753593749996 0.1053726796875 0.40299953437499997 0.14822570468750002 0.42457657187500003 0.144735028125 0.42152955781249996 0.12038892500000001 0.46240220625 0.099412278125 0.478478771875 0.106633746875 0.495818271875 0.10780400000000001 0.4744412890625 0.07272673125 0.49541824375 0.06441685312499999 0.5058764625000001 0.061996632812499994 0.54680336875 0.0171397078125 0.5468145953125 0.0164964921875 0.5224379671875 0.0003154921875 0.5043634078125 0 0.5041992343749999 0
2 0.2269469703125 0.5374827046874999 0.25151521718750003 0.521709015625 0.2587769453125 0.50331844375 0.2373762 0.4867423640625 0.212909059375 0.49673117343750006 0.1918706984375 0.50909463125 0.18874036562500002 0.5157415953125 0.18849383749999998 0.529865140625 0.1910322125 0.5414890875 0.193845171875 0.5415381874999999 0.1974735859375 0.539966884375 0.2269469703125 0.5374827046874999
2 0.313589303125 0.1656833703125 0.3386188796875 0.19041318125 0.366357034375 0.1883015046875 0.36639129531250003 0.1863387328125 0.36580461875000003 0.157918759375 0.3316706359375 0.1243540640625 0.3299168375 0.092222025 0.3045541921875 0.08657377656250001 0.29552548437500004 0.07340213281249999 0.26652538593749997 0.07723395 0.2571188609375 0.089979003125 0.2571183 0.09001115312499999 0.2571810171875 0.089952146875 0.27382183437499996 0.123344309375 0.284922271875 0.15043375781249999 0.313589303125 0.1656833703125
2 0.2546103625 0.670956409375 0.23296086875 0.6514911390625 0.2261703796875 0.6426965765625 0.19430087499999998 0.6371824078125 0.19287199531250002 0.6371574671875 0.19212581875 0.6799058609374999 0.22292799375 0.6920686796875 0.231257490625 0.692214071875 0.24269239531250003 0.69070315 0.2546103625 0.670956409375
1 0.9786968921874999 0.568729475 0.9848977234375 0.5615501890625 0.9849387234375 0.561460584375 0.9850986546874999 0.552298084375 0.9780862140625001 0.5341030734375 0.9511240875 0.5247912 0.94971161875 0.5247665453125 0.9102693734375 0.5418631578124999 0.9102419671875 0.5434332890625 0.9178330671875001 0.57495464375 0.9346793281249999 0.5872869953125 0.9587738078125 0.5877075656249999 0.9786968921874999 0.568729475