1 0.30361153281250003 0.41041122812499997 0.32533931875 0.407715575 0.3283786609375 0.39443860937499997 0.32855231093750004 0.3844902328125 0.3182965140625 0.3843112171875 0.3087347640625 0.385461984375 0.27934576093749997 0.3906595546875 0.2871704796875 0.4079746609375 0.30361153281250003 0.41041122812499997
1 0.530667075 0.24863640468749998 0.5001623515625 0.234626715625 0.4985483890625 0.25159155625 0.49832561406250003 0.2542531828125 0.49798671875 0.273668440625 0.504950959375 0.28744720625000003 0.51349413125 0.2967902546875 0.5179212015625 0.2741964203125 0.5247435 0.260838278125 0.530667075 0.24863640468749998
1 0.26811761562499997 0.44657919843749994 0.2662325046875 0.463150696875 0.26610585000000003 0.4704067828125 0.27532684375 0.48655069375000004 0.2826686859375 0.487267465625 0.2974997828125 0.48752634375000004 0.3004288484375 0.47368591562500006 0.3008276859375 0.45083655 0.294588796875 0.44000966406249997 0.290632803125 0.43852417499999996 0.2777618625 0.4382995125 0.26811761562499997 0.44657919843749994
1 0.4050014953125 0.14544494531250002 0.4048168796875 0.1560215578125 0.4053353015625 0.159987284375 0.40917519843749994 0.174989671875 0.4200892875 0.1808306078125 0.4206879 0.18084105625 0.43781743124999994 0.1790038390625 0.4384800703125 0.1747187703125 0.4390190171875 0.14384249531249998 0.43006355625000003 0.13622403593750002 0.42094580312499996 0.136064884375 0.4115611046875 0.13901076875 0.4050014953125 0.14544494531250002
1 0.71996813125 0.27767920468749996 0.7320800546874999 0.2884380078125 0.7544251296875 0.29175786875 0.756794665625 0.2818377875 0.7570400640625 0.267778921875 0.7551817765625 0.248409625 0.7386523875 0.23850023125000003 0.733264525 0.23840618593750001 0.7187637421875 0.24601603125 0.7153955625 0.2565749578125 0.7152669281249999 0.2639444734375 0.71996813125 0.27767920468749996
1 0.795133115625 0.6780831125 0.781006490625 0.6893140125 0.7785960859375 0.7100406859375 0.785825825 0.718365071875 0.795380075 0.7108801890625001 0.8090595953124999 0.70626126875 0.8098114140625 0.7056666265625 0.8156221374999999 0.7013956890624999 0.8184726687499999 0.6977283937500001 0.818747296875 0.6819949328125 0.8184421046875 0.6806761640625 0.8110364046875 0.6757676046875 0.8046175734375 0.6756555625 0.795133115625 0.6780831125
1 0.25290046875 0.2590236515625 0.266369028125 0.2618511203125 0.274431959375 0.261991859375 0.2748928421875 0.2355878765625 0.2724291953125 0.23505048906249998 0.24834995625 0.234630184375 0.23782348281250001 0.24605904218750002 0.25290046875 0.2590236515625
2 0.9036389625 0.70835671875 0.8875028890625 0.6884004671875 0.8640443718749999 0.6903056640624999 0.8368538843750001 0.70719098125 0.8201129578125 0.6721789109375 0.7829789140625001 0.6622721140625 0.765209165625 0.6365006828124999 0.7614985187500001 0.6005587453125 0.736911071875 0.5677243578125 0.70984288125 0.527902715625 0.67482733125 0.49604363749999997 0.637330771875 0.4571972984375 0.601406375 0.4774021421875 0.591884790625 0.52584375 0.5799205109375001 0.5675995359375 0.5797838875 0.5754266171875 0.6534637859375 0.626448875 0.6635487734375001 0.6451421453124999 0.70290215 0.6273118234374999 0.70994173125 0.62164805625 0.7247460578125 0.6681996078125 0.727629834375 0.7018124890624999 0.7251478328125 0.7445902875 0.72294869375 0.7711704921875 0.7426847578125 0.7837076125 0.7755224953125001 0.7912247484375 0.796318384375 0.7927450984375 0.81354399375 0.7999898140624999 0.809782571875 0.8166646609375 0.8358633281250001 0.8136479234375 0.84275910625 0.8543538749999999 0.8483481749999999 0.8544514328125 0.8603496703125 0.8522671671875001 0.8823764609375001 0.832977053125 0.911149425 0.8248400921875 0.9298175703125 0.848850403125 0.9618081109375 0.8551954421874999 0.964773665625 0.8344153015625 0.9662936203125 0.8238749953125 0.9670472796875 0.7806978890625 0.9658440046875001 0.7730955796875 0.9420027796875001 0.74721819375 0.9147528328125001 0.7178093296875 0.9036389625 0.70835671875
2 0.5478970296875 0.9650934687499999 0.5265200437499999 0.9300162015625 0.547497 0.9217063234375 0.55795521875 0.9192861015625 0.596560609375 0.8769736171875 0.5966423328125 0.872291753125 0.564845365625 0.8511851953124999 0.5617260453124999 0.8511307468749999 0.561450059375 0.851674021875 0.535496975 0.87985194375 0.498140665625 0.8982871328125 0.4768306421875 0.9256784421875001 0.4567078578125 0.951355296875 0.45297322500000003 0.9992553093750001 0.47635984374999996 0.9996635234375001 0.4736083125 0.97767839375 0.5144809609375 0.9567017468750001 0.5305575296875 0.9639232171875 0.5478970296875 0.9650934687499999
2 0.7461702828125001 0.479054915625 0.7408292921874999 0.490396003125 0.740822259375 0.4907989 0.7455846265625 0.51260715 0.7517731734375 0.509927171875 0.78124655625 0.5074429921875 0.8058148031249999 0.491669303125 0.8130111328125 0.4734443546875 0.8130148578125 0.47323095937500004 0.7977937359375 0.4614413453125 0.7807953390625 0.4611446359375 0.7672086453125 0.46669146093749997 0.7461702828125001 0.479054915625
2 0.7220008109375 0.8664596984375 0.7467306234375 0.841430121875 0.7446189453125001 0.8136919656250001 0.742656175 0.8136577062500001 0.7142362 0.81424438125 0.6806715062500001 0.8483783640624999 0.6485394671875 0.8501321640624999 0.64289121875 0.875494809375 0.629719575 0.884523515625 0.633551390625 0.9135236140625 0.6462964437500001 0.9229301390625 0.6463285953125 0.9229307 0.6462695890625 0.9228679828124999 0.6796617515625 0.9062271656249999 0.7067511984375 0.895126728125 0.7220008109375 0.8664596984375
2 0.7810158359375 0.3664564625 0.8011664796875 0.3552349078125 0.804071446875 0.3379256421875 0.7918489203125 0.3035010375 0.752805409375 0.30281953125 0.7491474640625 0.30340443906250003 0.7537657609374999 0.337047553125 0.7623179796875 0.34414083125 0.7810158359375 0.3664564625
1 0.015110234375 0.43573459999999997 0.014950303125 0.4448971015625 0.01498815 0.44498808125 0.02093465 0.4523794 0.0431870546875 0.4751095 0.0516866671875 0.4752578609375 0.0606393390625 0.47493503437499995 0.08154414374999999 0.46072489531249994 0.0902307 0.42948766718750003 0.09025810625 0.42791753593750004 0.058019559374999995 0.41258556406249997 0.040721795312499996 0.41228363124999995 0.0227534015625 0.4177954046875 0.015110234375 0.43573459999999997