1 0.159375 0.56796875 0.0390625 0.0203125
1 0.0531780890625 0.5283371171875 0.023729209374999997 0.5411761203125 0.0088402890625 0.5623549578125 0.010344534375 0.5910576625 0.041506559375 0.5991315484374999 0.041914926562499996 0.599110146875 0.07477853906250001 0.5573268312499999 0.10802427968749999 0.5530743484375 0.1337418953125 0.5329004562499999 0.16322124531249999 0.5225999156250001 0.16321273593750002 0.5224375734375 0.1438420453125 0.499889715625 0.142525690625 0.499958703125 0.103928403125 0.506851315625 0.0531780890625 0.5283371171875
1 0 0.42520085781250005 0.0098562015625 0.4281512171875 0.02768875 0.4171760703125 0.089268253125 0.3788067890625 0.060926821875 0.3489152859375 0.040047921874999996 0.33369355624999997 0.011021575 0.32266403593750004 0.0093840234375 0.32230833593749997 0 0.3228001328125 0 0.42520085781250005
1 0.0828125 0.15 0.04375 0.05
1 0.0484375 0.67890625 0.040625 0.0421875
1 0.059375 0.2140625 0.0421875 0.034375
1 0.2265625 0.1890625 0.0421875 0.0421875
1 0.27578125 0.8046875 0.040625 0.0390625
1 0.1765625 0.93359375 0.028125 0.028125
1 0.103125 0.79609375 0.0375 0.0359375
1 0.378125 0.165625 0.0375 0.0328125
1 0.28515625 0.29609375 0.0375 0.0375
1 0.16484375 0.365625 0.040625 0.0390625
1 0.053125 0.98125 0.0375 0.0375