2 0.6311154218749999 0.3880266390625 0.6496436437499999 0.36722188125 0.6542537281249999 0.3245306921875 0.662997021875 0.2886108265625 0.6500671546875 0.27653274687499996 0.6350326359375 0.27263451562499996 0.618835446875 0.2723517921875 0.6003955765625 0.288033434375 0.583466803125 0.3057741828125 0.5610388828125 0.3285721546875 0.5493397812499999 0.33455180156250003 0.5480382734375 0.344235959375 0.5476898875 0.3641949875 0.5501748875 0.3752767515625 0.5627720421875 0.40641590625 0.5604627953125 0.40586027500000005 0.5678665390625001 0.42454107187499995 0.58090401875 0.4525959859375 0.586070453125 0.4665998375 0.6085790109375 0.46132419375 0.6251304046875 0.44306153593750003 0.6293808015625 0.420976915625 0.6311154218749999 0.3880266390625
2 0.456255809375 0.289259059375 0.44287217187500005 0.28197635625 0.42685254375000004 0.29109552031249997 0.39852809843750003 0.2984334359375 0.3788893265625 0.3129720546875 0.36205010937500004 0.3353918609375 0.35068997031250004 0.3696334125 0.34971470625 0.42550622968749996 0.350440540625 0.42839385781250006 0.3789695515625 0.44299001406249994 0.3971194859375 0.44643974999999997 0.4424467109375 0.44096508281249996 0.4536321515625 0.405914871875 0.4568280546875 0.39108924218749996 0.45443851718749995 0.35971824375 0.4543569578125 0.33073722499999997 0.4537291546875 0.2993969734375 0.456255809375 0.289259059375
2 0.365737678125 0.12259931875 0.3579834953125 0.1224639703125 0.346198875 0.1271950671875 0.3363979546875 0.1306765484375 0.329729453125 0.1407061390625 0.3279554953125 0.15009419375 0.327659075 0.167076115625 0.3323449 0.1768715203125 0.36193452656249997 0.18672231718750001 0.3765615484375 0.18576011406249998 0.4068125171875 0.188723184375 0.41573640625 0.169553084375 0.415812553125 0.165190671875 0.40745696093749995 0.151803028125 0.38099975625 0.1485003390625 0.3737167453125 0.1317337890625 0.365737678125 0.12259931875
2 0.199070484375 0.5298743625 0.1898384234375 0.5275734734374999 0.1671894609375 0.5175492859374999 0.15683351406249998 0.5127628625 0.154298621875 0.512718615625 0.14647423125 0.5193274453125001 0.1469819046875 0.5311048953124999 0.15953642343750002 0.547372115625 0.1465338484375 0.5567740031249999 0.1269682890625 0.563022584375 0.1268313515625 0.5708677796875 0.148318228125 0.577132715625 0.18171865781250002 0.584134953125 0.18303130625 0.584281165625 0.19932292812500002 0.5845655359374999 0.203305603125 0.5732781 0.20410264374999998 0.5684775875 0.22496722500000002 0.5581430625 0.22526592812500001 0.541030325 0.21401612343749998 0.531740046875 0.199070484375 0.5298743625
2 0.1804837953125 0.6767264 0.1762523453125 0.672501096875 0.17261934375000001 0.6724376828125 0.16125996874999998 0.6747860390625 0.15296951718750001 0.6849388937499999 0.1529011015625 0.688858409375 0.159339178125 0.7031041171875 0.15342024062499998 0.715304328125 0.16490340781249999 0.7112252812500001 0.1819974765625 0.7125935328125 0.19851852812499998 0.7059277390625 0.2064272078125 0.702321234375 0.2116611203125 0.6885042593749999 0.20474550625000001 0.67608001875 0.1897718625 0.6758186515625 0.1804837953125 0.6767264
2 0.5138744953125001 0.6952828203125 0.5126551687500001 0.6754265609375001 0.514607284375 0.6487150828125 0.5132467593750001 0.648691334375 0.511526925 0.650352159375 0.4838584359375 0.665528396875 0.481036640625 0.6926217421875001 0.47768055781249996 0.704329590625 0.47743023281249997 0.7186707 0.5138744953125001 0.6952828203125
2 0.2783645484375 0.6215510875 0.2751107015625 0.628540928125 0.2710674171875 0.6338047453125 0.2710043421875 0.6374183765625 0.2789163296875 0.6497472640625 0.2891799625 0.6541566624999999 0.2905301421875 0.6541802296875 0.293568109375 0.647654134375 0.2906421625 0.635858665625 0.2865086375 0.6334376374999999 0.296024253125 0.6265570953124999 0.3253551421875 0.620805390625 0.31343679999999996 0.6014469734375 0.3114718484375 0.601412675 0.29430588125 0.6053871921875 0.2775258578125 0.609792053125 0.2783645484375 0.6215510875
2 0.0640298171875 0.51032995 0.051141946875 0.530983915625 0.0491757390625 0.5539164125 0.04557058125 0.570775746875 0.045407028125 0.5801456640625 0.056984142187499996 0.5999863375000001 0.0658665296875 0.61131696875 0.0671392484375 0.611339184375 0.0713828046875 0.5824905828125 0.07029099375 0.555328925 0.08084891562499999 0.5335903453124999 0.082215865625 0.52046565 0.0824002734375 0.5099008875 0.06755614374999999 0.5096417828125 0.0640298171875 0.51032995
2 0.008098682812499999 0.57292924375 0.0015090140625 0.5916052515625 0.012212078125000001 0.60640731875 0.0206580609375 0.615950259375 0.0348927734375 0.607847159375 0.030433262500000002 0.59419801875 0.026883989062500002 0.5732571421875 0.0182884609375 0.5650403796875 0.015631690625 0.56499400625 0.008098682812499999 0.57292924375
1 0.6055400515625 0.135915671875 0.6047215625 0.1408453625 0.604656334375 0.1445822859375 0.6072174343750001 0.1594337375 0.61747595 0.172482325 0.6279879171875 0.1726658109375 0.65506038125 0.169664353125 0.6604509890625 0.156594153125 0.6608366015625 0.1345024703125 0.6443455671875 0.1256315890625 0.6363151593749999 0.124196790625 0.6278561546875 0.1240491390625 0.6055400515625 0.135915671875
1 0.171012465625 0.8810796953125 0.199226859375 0.8794842890625001 0.1958051015625 0.851238015625 0.18042392812500002 0.83531034375 0.15266435625000002 0.855704721875 0.14652765625 0.8749344171875 0.14649715937500002 0.8766816109375 0.1600179359375 0.882975678125 0.171012465625 0.8810796953125
2 0.40056641718749997 0.534963275 0.394813825 0.5309814671875001 0.393953 0.530966440625 0.379323646875 0.54085615625 0.3820719828125 0.5628269968749999 0.391612853125 0.5637430921875 0.39565946093750004 0.5638137249999999 0.40173109531250006 0.5579504203125001 0.40056641718749997 0.534963275
2 0.3459124265625 0.5767366093749999 0.34557754375 0.5797430859375 0.3421976640625 0.5875696765625 0.34203338437499997 0.5969812703125 0.349812115625 0.596008228125 0.358662565625 0.5905146109375 0.36354740625000004 0.585704853125 0.36585852343749997 0.5827328734375 0.36736867812499996 0.5771111296875 0.367486946875 0.570335471875 0.361958834375 0.56346125625 0.355734675 0.5641056921875001 0.3522220046875 0.5711986421875 0.3459124265625 0.5767366093749999