1 0.39590650781250003 0.3562624828125 0.4087968234375 0.343417671875 0.40985567031250003 0.3343142125 0.4044186390625 0.3270509875 0.3965241515625 0.3222758453125 0.3854378234375 0.318755890625 0.38121950625 0.3185348171875 0.368072765625 0.3212209390625 0.3667859703125 0.3346738625 0.37573718125 0.35258861406249997 0.39590650781250003 0.3562624828125
1 0.40141173906249994 0.39698785000000003 0.40134949375 0.39817554843749997 0.4103047203125 0.41325713437499995 0.41784700937499997 0.4136524078125 0.4288703171875 0.414230115625 0.43409189687499994 0.41450376718750004 0.44949555312499995 0.4092050578125 0.45306779375 0.40764773437499996 0.4548668171875 0.40582628906249996 0.454917496875 0.40485928125 0.4288724859375 0.3919870453125 0.4207943046875 0.38945319375 0.4031224203125 0.38852705 0.40141173906249994 0.39698785000000003
1 0.4596182515625 0.2831247078125 0.4584350234375 0.280735615625 0.4526287125 0.28334016093750003 0.4464575 0.29290678125 0.44277437031250005 0.30493088125 0.43890832187499995 0.322215034375 0.4388777359375 0.32279864375 0.44304539531250003 0.3247252125 0.46029122187500005 0.3285378671875 0.46702263281249995 0.3231554734375 0.46705497500000004 0.322538353125 0.4662099265625 0.3154674125 0.4662217796875 0.2985967484375 0.4621975171875 0.283841640625 0.4596182515625 0.2831247078125
1 0.4951303546875 0.2889565921875 0.49727468124999996 0.2896507328125 0.4998235421875 0.29094783125 0.503056359375 0.29180763593750003 0.5085584671875 0.2920959890625 0.51233648125 0.285204165625 0.5148668187500001 0.2702108109375 0.5154445265625001 0.259187484375 0.515556890625 0.24872152656250002 0.51412115625 0.2428286015625 0.49976794687500004 0.24207638125000003 0.494335728125 0.24586409531250003 0.49232228593749994 0.2509944984375 0.49078348125 0.263712734375 0.49070152812499995 0.2735984796875 0.49348177968750007 0.2871248734375 0.4951303546875 0.2889565921875
1 0.45994585781249997 0.2272173890625 0.4549374421875 0.2321053578125 0.4503143265625 0.2370989953125 0.449341346875 0.25566456875 0.4496031453125 0.2673136515625 0.44833795781249997 0.2748103484375 0.46002071874999995 0.276586134375 0.46948904843749995 0.270682909375 0.47155766874999994 0.266477034375 0.47270164843750007 0.2446485890625 0.4726579046875 0.2435058953125 0.46842080625 0.232811990625 0.4654811296875 0.22750747968749999 0.45994585781249997 0.2272173890625
1 0.206769221875 0.470550628125 0.197859884375 0.4751120953125 0.195320284375 0.4819602234375 0.1928811625 0.49521305781249997 0.1925162953125 0.5021751578125 0.196774540625 0.5041436234375001 0.2035208515625 0.5085695640625 0.20861580625 0.5128927984375 0.209868646875 0.5129584578124999 0.21651717656249997 0.5053848296875 0.21795827499999998 0.4778870234375 0.21475982187499998 0.470969396875 0.206769221875 0.470550628125
1 0.4389561046875 0.3906094140625 0.43059323281250006 0.40587223593750005 0.43047108281249996 0.4071494171875 0.43335733750000005 0.40863393593749997 0.4469852125 0.415017953125 0.46564198125 0.41425117968749997 0.4733894 0.410731928125 0.48180000468750006 0.3994487390625 0.48183306562499995 0.39881789375 0.4668500953125 0.3911990078125 0.46045511875 0.389967084375 0.44610839375 0.38921520468750004 0.4389561046875 0.3906094140625
1 0.38574165312500003 0.788498565625 0.3863060546875 0.7920262375 0.3897036828125 0.8020943640624999 0.39772442343750003 0.8071688546875 0.4007079 0.8106759046875001 0.40249616875000005 0.8107696234375 0.40756688125 0.8024487765625 0.40922572187500006 0.799027203125 0.410691884375 0.771051178125 0.40739892187500004 0.7640432609375 0.3887570609375 0.7619027421875 0.3866425078125 0.7713092359375 0.38574165312500003 0.788498565625
1 0.301017225 0.784106375 0.28991435781249997 0.780013715625 0.2696420859375 0.778951290625 0.2581982609375 0.7796816234375 0.2532932234375 0.7866126828125 0.25313721875 0.7895894140624999 0.2565239546875 0.8005286546875 0.2866811734375 0.8189603796875 0.287793434375 0.8190186703125001 0.3019474421875 0.8107597171875 0.30704812187499997 0.8081045234375 0.307492575 0.7996238499999999 0.301017225 0.784106375
1 0.2307051859375 0.896033453125 0.23226634218750003 0.9015441125000001 0.23558397812499998 0.903622440625 0.2428302234375 0.9040022000000001 0.2500687265625 0.9030588671875 0.25994160625 0.8977586000000001 0.2614288765625 0.894345934375 0.2639287953125 0.8799327453125001 0.2592871609375 0.868635871875 0.25271642031249997 0.8672489796875 0.24327299375 0.8667540703125001 0.23912758906249998 0.8704881953125 0.2330171890625 0.8788944843750001 0.23091732343750002 0.8919856125000001 0.2307051859375 0.896033453125
1 0.21094783593750002 0.9221543015625 0.215407034375 0.9369322015625 0.221423609375 0.9552823281249999 0.2252164953125 0.9578081734375001 0.23348048124999998 0.9582412703125 0.2353220765625 0.9526561250000001 0.23680492968750003 0.9243616156250001 0.2343040421875 0.9175606593750001 0.22623884218749998 0.9159299656250001 0.221820246875 0.915698396875 0.21094783593750002 0.9221543015625
1 0.31775944218749996 0.9594807125000001 0.31830434687500003 0.9712850953125001 0.3219096671875 0.9801968625 0.323559025 0.9820278703125 0.324002421875 0.984667946875 0.3256973546875 0.98562904375 0.3395546 0.9866713109375 0.3450362796875 0.9869585937500001 0.35736870625 0.9807467546874999 0.359146440625 0.9783618546874999 0.35998404375000004 0.9623794312499999 0.3529137328125 0.9460383796875 0.32424311562499997 0.944535815625 0.32199271406249996 0.9453099375 0.31775944218749996 0.9594807125000001
1 0.51999439375 0.7889424109375 0.511395453125 0.7986032609375 0.5111447109375 0.803387696875 0.5119631484375 0.8099727031249999 0.5237593 0.8180053296875001 0.5282503140625 0.8187121656249999 0.5465026171875 0.819668728125 0.557243809375 0.8109170609374999 0.5574779921874999 0.8064485843750001 0.554862965625 0.8017536312500001 0.5500972749999999 0.7927810531249999 0.5408915546874999 0.790037584375 0.51999439375 0.7889424109375
1 0.56647134375 0.751739990625 0.5590627703125 0.7605647546875 0.5589250375 0.763192853125 0.5638874281249999 0.7677417765625 0.5733400984375 0.7760877171875 0.5810586875 0.7784520171875 0.5909882265624999 0.7789724031249999 0.5947837515625001 0.777647634375 0.598346290625 0.7730147921875 0.5988828046875 0.7627774796875 0.5926247953125 0.752238365625 0.5896886984374999 0.7519141828125 0.5731133875000001 0.7510455078125 0.56647134375 0.751739990625
1 0.64126024375 0.7445404921875001 0.6354356734375 0.7519766031249999 0.634603084375 0.767863353125 0.6409845390625 0.7720029359375 0.6583441890625 0.7737849859375 0.6671607828125 0.7720663359375 0.678389240625 0.7687294890625 0.6807783281249999 0.7675463265625 0.681903565625 0.760972146875 0.6823961578125 0.7515729328125 0.678195359375 0.7456001109375 0.6559313453125 0.744433303125 0.6446669015625 0.7449150109375 0.64126024375 0.7445404921875001
1 0.6773048546875 0.670110446875 0.6865510859375 0.6601231750000001 0.69076040625 0.6463813296875001 0.6892638921875001 0.6416487609375 0.68300814375 0.63319795 0.6583657296875 0.6319064953125 0.650198053125 0.6547273921875 0.6550618218750001 0.6701082546875 0.6593901062499999 0.6790616140625 0.6773048546875 0.670110446875
1 0.7015062328125 0.67294665 0.6891827140625 0.6810063656249999 0.6881405359375 0.7008923125 0.6942589406249999 0.7196900046875 0.697738525 0.7198723625000001 0.7032842875 0.7233810484375 0.7085185109375 0.7236553625 0.71371496875 0.72122306875 0.715469125 0.68775175625 0.7151600796875 0.68704288125 0.7114187296875001 0.6752114406249999 0.703306803125 0.6718774734374999 0.7015062328125 0.67294665
1 0.283830715625 0.4877287640625 0.2834776609375 0.4890845296875 0.2833819390625 0.4909110046875 0.28606520625 0.5020781999999999 0.2879072296875 0.511333690625 0.3035719484375 0.51215464375 0.3177012796875 0.50896985625 0.319887546875 0.5034033140624999 0.32039297499999997 0.49375915625 0.3154283515625 0.48573528593750004 0.30589628125 0.4804395890625 0.29924055 0.48009077656250004 0.283830715625 0.4877287640625
1 0.1215337765625 0.659170871875 0.1171817046875 0.6839588171875 0.132140453125 0.6981234578125 0.13776434531249998 0.6989999515624999 0.1427332734375 0.6892027015625 0.1444334171875 0.6567620390625 0.141280725 0.650181903125 0.1294169515625 0.6495601484375 0.127239625 0.6501616203125 0.1215337765625 0.659170871875
1 0.050728165625 0.6234794265625 0.04704201875 0.6272115015625 0.0418651953125 0.6327394734375 0.044913946875 0.6345143734375001 0.0525804859375 0.6436389765625 0.05819987812500001 0.647422603125 0.08138409375 0.6490737875 0.084094321875 0.6437480890625 0.08468660624999999 0.6324466234375 0.0841047578125 0.6304623140625 0.0696298546875 0.622957175 0.0525681375 0.6220630093749999 0.050728165625 0.6234794265625
1 0.0977273484375 0.8592665515625001 0.1085129 0.86475531875 0.1225432625 0.86549061875 0.1287301546875 0.8585642578125 0.1361361125 0.8420811234375 0.136653009375 0.8322181499999999 0.1273899484375 0.8262587234375 0.116995625 0.8257139796875 0.1070158515625 0.831828471875 0.0984980546875 0.8403994875 0.09672656874999999 0.8533964218750001 0.0977273484375 0.8592665515625001
1 0 0.8199705203125 0.021797821875 0.816327528125 0.0212985328125 0.8036532765625 0.022640026562500002 0.8012893953125 0.0227118984375 0.7999179765625 0.011425234375 0.792232315625 0.0012207515625 0.7883535890625 0 0.7882896125000001 0 0.8199705203125
1 0.7730193562500001 0.7543450265625 0.7675242625 0.7592907203125 0.7707545609374999 0.7642575890625001 0.77442828125 0.771864503125 0.7830397687499999 0.77406035 0.81198011875 0.7768854843749999 0.8161908718750001 0.7661641875 0.8166775578125 0.7568776546875 0.8127447859375 0.7511932703124999 0.8074619015625 0.74768075 0.7824750500000001 0.7463712453125 0.7730193562500001 0.7543450265625
1 0.71155179375 0.594542140625 0.7068648328125 0.5951688078124999 0.7081722359375 0.6035239765625 0.7204574171875 0.6133268046875 0.738397234375 0.6151392578125 0.7553134890625001 0.6142812296875 0.7643124343750001 0.6090830328125 0.7651032921875001 0.6064759796875 0.765693203125 0.595219821875 0.7580229187499999 0.587060690625 0.7285909203125 0.5855182234375 0.7123371140625 0.5906580203125 0.71155179375 0.594542140625
1 0.8258090375 0.8597320281249999 0.8248512531250001 0.86149569375 0.8211284890625 0.8659547453125 0.8134169375000001 0.87880436875 0.81329135625 0.8812006046875 0.8156632437500001 0.8953385015625 0.8220751078124999 0.9061463562500001 0.829943790625 0.9141217156250001 0.8419305703125 0.9100957796875001 0.8529279984375 0.90112340625 0.8530018078125 0.8997150546875 0.8477699124999999 0.8818951546875 0.8424712390625 0.8664914984375001 0.8344664249999999 0.8601857421875 0.8258090375 0.8597320281249999
1 0.7506913109375 0.8894165765625001 0.7506622468749999 0.88997115 0.7600841109375 0.902359584375 0.766977828125 0.904029271875 0.7791614874999999 0.904667790625 0.791038515625 0.9000565609375 0.7978763437499999 0.8916920640624999 0.7987496609375 0.8899759765624999 0.7991244156249999 0.8828252296875 0.7956598734375 0.878492353125 0.762007825 0.8767287234375001 0.7548647109375 0.8798428328125001 0.7506913109375 0.8894165765625001
1 0.7946278999999999 0.913431459375 0.79363874375 0.9182814499999999 0.7930756609375 0.9290256921875001 0.7964047015625 0.9461035843750001 0.807622115625 0.9484367656250001 0.8136809328125001 0.9493360765625001 0.815016190625 0.9488242734375 0.8197365390625 0.93735035 0.8214133734375 0.9053544562500001 0.817135359375 0.90006681875 0.8076272984375 0.8984049828125 0.7977240296875 0.904285415625 0.7946278999999999 0.913431459375
1 0.14188358125 0.70448986875 0.136380684375 0.7145697046875 0.13471260937500001 0.74639849375 0.13994531875 0.7485491125 0.1479596890625 0.7489691281249999 0.1518424609375 0.7474808859375 0.157117078125 0.743150471875 0.15854415 0.715920321875 0.1583295984375 0.71524183125 0.15443622031249998 0.7063112640625 0.14905557187500001 0.700793378125 0.14188358125 0.70448986875
1 0.45644264218749997 0.870102596875 0.431286509375 0.876868253125 0.42311771093750006 0.8922145671875 0.42304263750000004 0.8936470671875 0.4437647578125 0.9160740234375 0.4865844703125 0.9052595125 0.48669414218749996 0.9031668375 0.48101703125000006 0.8878553515625001 0.476143578125 0.8741906265624999 0.4590286640625 0.870238125 0.45644264218749997 0.870102596875
1 0.6680695453125 0.5798588796875 0.662392803125 0.5818815265625 0.6539074421875 0.5902534171875 0.6517888484375 0.595246715625 0.6783668953124999 0.6077763546875 0.684683659375 0.609196346875 0.6966669640625 0.609824365625 0.713472375 0.6064312609375 0.71427335 0.5911477328125 0.70140239375 0.5816057812500001 0.6903381078125 0.580384190625 0.680054575 0.579845253125 0.6680695453125 0.5798588796875
1 0.7056577546875 0.517483121875 0.702461103125 0.5312365109375 0.7179822921875 0.5417829203125 0.7180706906250001 0.541787553125 0.7404651390625 0.539206515625 0.7414132546875 0.521115378125 0.74079391875 0.5202525796875 0.7372087890625 0.5186901625 0.709046640625 0.517214246875 0.7056577546875 0.517483121875
1 0.721763021875 0.4990168609375 0.7310816531250001 0.5101779484375 0.7416590703125 0.5209409468749999 0.7569290234375 0.519087109375 0.7653015265625001 0.5131278890625001 0.76600345 0.49973437187499997 0.7555082 0.49289686406250005 0.7457670000000001 0.48941043906250004 0.7252213109375 0.488333684375 0.721763021875 0.4990168609375
1 0.7650922890625 0.5390561046875 0.7655206609375 0.5388017453125 0.7663130328125 0.52368238125 0.7606067359375001 0.5183950171875 0.7530772984375 0.5163925078125 0.75175868125 0.5163234015625 0.7428052953125001 0.5304604703125 0.73782185 0.5370079640625 0.7369484 0.5536743875 0.7402238234375 0.5548349921875 0.7425507421875001 0.5549569421875 0.7447829484375 0.5547039375 0.7521870578125001 0.555091971875 0.760539278125 0.546245140625 0.7650922890625 0.5390561046875
1 0.6520905734375 0.38449225 0.6449766484375 0.39473911093749997 0.64476991875 0.39868376250000004 0.657196221875 0.40517718125 0.6723370656250001 0.4115390328125 0.6794424046875001 0.40587899531250005 0.6886189796875 0.3939928875 0.6889243921875 0.3881652671875 0.6798994031250001 0.3779980078125 0.6765943765625 0.3778247984375 0.6589775953125 0.38299705624999997 0.6520905734375 0.38449225
1 0.6679505578125 0.3319971109375 0.6642300171875 0.36571895625 0.6717794828125 0.37530497500000004 0.67971111875 0.3744826609375 0.6858563703125 0.372328878125 0.68680515 0.3688924328125 0.688047134375 0.34519394531250003 0.6874091703125 0.3426996953125 0.681318728125 0.3349528859375 0.6755355375 0.33239462343750004 0.6679505578125 0.3319971109375
1 0.6474517843750001 0.24025535156250002 0.641234521875 0.2467865796875 0.63979113125 0.2743281078125 0.6399900328125 0.2763835453125 0.6425823359375 0.2888988078125 0.6553930265625 0.2968349203125 0.6603303296874999 0.2970936734375 0.664070025 0.2951662046875 0.6658072749999999 0.26201748281250004 0.66502401875 0.25912641718749996 0.6640563109375 0.25102909375000004 0.66308856875 0.242931746875 0.6474517843750001 0.24025535156250002