1 0.490625 0.8846604031249999 0.46966846875 0.866796875 0.4383278921875 0.866796875 0.4289896796875 0.883141403125 0.4289896796875 0.88382691875 0.4586363203125 0.90625 0.460275015625 0.90625 0.490625 0.8885385093749999 0.490625 0.8846604031249999
1 0.6902604 0.0822142375 0.68494638125 0.0574225171875 0.6544727953125 0.0574225171875 0.6503646 0.068376125 0.6503646 0.0691052359375 0.6575789953125 0.0921875 0.666387725 0.0921875 0.6902604 0.0822142375
1 0.059375 0.4830604765625 0.0439959671875 0.476953125 0.038614471875 0.476953125 0.0100059734375 0.48213309375 0.015191578124999999 0.50625 0.0499087375 0.50625 0.0523363140625 0.49928740156250007 0.059375 0.487058440625 0.059375 0.4830604765625
1 0.08890779531250001 0.33125 0.07116593437499999 0.3453903828125 0.0742762625 0.3625 0.096227284375 0.3625 0.115625 0.35740726875 0.115625 0.350539553125 0.11307852812500001 0.33679217031249997 0.089267990625 0.33125 0.08890779531250001 0.33125
1 0.123658221875 0.36302000625 0.1361922375 0.36524791093750003 0.152068765625 0.35745020625 0.1529042796875 0.3229175703125 0.127836246875 0.3206895890625 0.123658221875 0.36302000625
1 0.301151953125 0.137815646875 0.316814859375 0.1609375 0.33124390937500003 0.1609375 0.3387540578125 0.15898081718749998 0.3295624390625 0.134473828125 0.318699621875 0.10105510468750001 0.308491603125 0.0951013859375 0.30424316875 0.0951013859375 0.29718344218750004 0.1070795828125 0.29718344218750004 0.11489008593750001 0.301151953125 0.137815646875
1 0.453125 0.731015925 0.4496770703125 0.7218171296875 0.440732453125 0.7077161046875 0.427544034375 0.70625 0.4183171625 0.70625 0.4033279140625 0.7098854671875 0.3960096203125 0.7207324484375001 0.3968228125 0.755442753125 0.40495423906249994 0.77822148125 0.4219889890625 0.7796875 0.430967615625 0.7796875 0.453125 0.7603516796875 0.453125 0.731015925
1 0.38878116875 0.5984375 0.3890625 0.5979102296875001 0.3890625 0.59207229375 0.3785706078125 0.569191453125 0.36323060625000003 0.5658092156250001 0.3583072875 0.5658092156250001 0.35145315625 0.5683783234375 0.35036843281249996 0.5830148484375 0.3557919234375 0.5887068828124999 0.385746425 0.5984375 0.38878116875 0.5984375
1 0.5421875 0.8532552625 0.5397079921875 0.8453125 0.538515709375 0.8453125 0.51774755625 0.8496351671875001 0.516662875 0.861019234375 0.5188322390625 0.884600315625 0.525967371875 0.8859375 0.5286667140625 0.8859375 0.5405262015625001 0.8829740546875 0.5421875 0.8748790328125 0.5421875 0.8532552625
1 0.184375 0.271215928125 0.1719105125 0.2653475296875 0.157273921875 0.261008734375 0.1556476625 0.26209341406250003 0.15239508125 0.283787375 0.15855494375 0.291124371875 0.168657928125 0.296803771875 0.184375 0.2884174015625 0.184375 0.271215928125
1 0.984375 0.456034003125 0.984375 0.431759025 0.9826860046875 0.425 0.9811655625 0.425 0.9659382000000001 0.43029897031250003 0.9590011359374999 0.44325424375000005 0.9590011359374999 0.44535576250000003 0.9623237984375 0.46308493593750005 0.9690964718749999 0.4703125 0.9750262875000001 0.4703125 0.9803958156249999 0.46983499218749997 0.984375 0.456034003125