1 0.1609375 0.57421875 0.0296875 0.0296875
1 0.0252643640625 0.5144009640625 0.0239494140625 0.5144929140625 0.00775768125 0.5388029796875 0.0078040062499999995 0.5394654640625001 0.0379972765625 0.5460266984375 0.06598177499999999 0.562916028125 0.0994979546875 0.5630851781249999 0.1372087125 0.60055198125 0.13761664375 0.6005234546875 0.1678707078125 0.5885904625 0.165900828125 0.56041985625 0.14819849375 0.5408335046875 0.117404440625 0.531679115625 0.06441395 0.5165383734375 0.0252643640625 0.5144009640625
1 0 0.4366313875 0.0055823999999999995 0.436241028125 0.016313665625 0.43249242812500005 0.043779492187500005 0.41800769843749996 0.062647703125 0.40035493281249995 0.0854281875 0.3695410265625 0.0852039890625 0.36633484374999997 0.021338484375 0.33665365468749997 0.008452871875 0.3307513125 0 0.3313423953125 0 0.4366313875
1 0.0765625 0.1578125 0.046875 0.0484375
1 0.0515625 0.68671875 0.05 0.034375
1 0.0546875 0.221875 0.040625 0.0390625
1 0.22109375 0.19375 0.04375 0.04375
1 0.28125 0.80859375 0.0421875 0.040625
1 0.18359375 0.93984375 0.028125 0.028125
1 0.10859375 0.803125 0.0375 0.0375
1 0.37265625 0.1671875 0.0375 0.034375
1 0.28125 0.3 0.0484375 0.0265625
1 0.1625 0.371875 0.0421875 0.040625
1 0.06171875 0.984375 0.0390625 0.03125