1 0.7711378390625 0.511701934375 0.7616993828124999 0.508715846875 0.743110509375 0.508239728125 0.7337817453125 0.536864575 0.736112790625 0.5518256046875 0.7535335109375 0.5602511531250001 0.766116453125 0.559591709375 0.780913378125 0.550637928125 0.783453159375 0.5400626234375 0.78248293125 0.52154956875 0.7711378390625 0.511701934375
1 0.6376596046875 0.5256430953125 0.6420346921875 0.5254138078125 0.6469035140625 0.5005717125 0.63114959375 0.489997453125 0.630380015625 0.490037784375 0.6112382578125 0.4989601125 0.6172005890625 0.524173040625 0.623492940625 0.526163753125 0.6376596046875 0.5256430953125
1 0.6539023328125 0.65525566875 0.6522399 0.6456740375 0.63003820625 0.620538740625 0.616315103125 0.6243518781249999 0.6125732109375 0.6477269890625 0.6135920265625 0.6671671359375 0.6153386578125 0.67232480625 0.6258933015625 0.6717716609375 0.6371729296875001 0.6681215234375 0.6539023328125 0.65525566875
1 0.9864869640625 0.4977596828125 0.9864133046875001 0.4963541703125 0.9349625984375001 0.48120558593749996 0.919569934375 0.5046799296875 0.919752446875 0.5081624828125 0.9228603453125 0.5247781578125 0.9803424843749999 0.5217656453124999 0.98040346875 0.5217532046875 0.9864869640625 0.4977596828125
1 0.8835919062500001 0.806346459375 0.8598412734374999 0.7941106718750001 0.8318528203125 0.8013803218750001 0.83199226875 0.804041175 0.8438951328125001 0.8219220703125 0.8719679421875 0.826252078125 0.8837177 0.808746746875 0.8835919062500001 0.806346459375
1 0.8653334609375 0.712807315625 0.8554098921875 0.700564728125 0.84416679375 0.7079378203125 0.8456936671875 0.7370723156250001 0.8585893765625 0.7440673671875 0.8630259265625 0.7438348578125 0.8756208640625 0.7319923578124999 0.8653334609375 0.712807315625
1 0.5002552953125 0.6967384921875001 0.48190873749999996 0.7014545 0.47642749531249995 0.7060325921875 0.4707773875 0.718634325 0.47094959999999997 0.7219203328125 0.48156286875000004 0.740356825 0.48454441875 0.74020056875 0.5002585296875 0.7240924703125 0.5002552953125 0.6967384921875001
1 0.16171875 0.7484375 0.025 0.0390625
1 0.0890625 0.7609375 0.040625 0.0390625
1 0.06484375 0.71171875 0.0203125 0.0421875
1 0.16796875 0.5125 0.0296875 0.0515625
1 0.85390625 0.89765625 0.0453125 0.0296875
1 0.909375 0.459375 0.0421875 0.04375
1 0.17578125 0.5796875 0.0421875 0.0421875
1 0.38984375 0.9 0.0640625 0.046875
1 0.84609375 0.28359375 0.034375 0.0390625
1 0.5421875 0.415625 0.0453125 0.0375
1 0.8828125 0.178125 0.046875 0.0359375
1 0.8984375 0.2484375 0.0390625 0.0375
1 0.059375 0.303125 0.0390625 0.0375
1 0.26796875 0.3921875 0.0375 0.0375
1 0.253125 0.65390625 0.0265625 0.0328125
1 0.41328125 0.71953125 0.059375 0.0578125
1 0.2046875 0.89140625 0.0328125 0.034375
1 0.13984375 0.878125 0.0328125 0.034375
1 0.0614085734375 0.848892990625 0.0615798953125 0.8521619890625001 0.0661349171875 0.86597139375 0.08867491562499999 0.8662204484375 0.10903817812500001 0.8694051171874999 0.109258725 0.869393559375 0.125369475 0.8499945 0.1322760046875 0.8277853093750001 0.132114921875 0.8247116609375 0.1301435640625 0.8182781796875 0.10157810781250001 0.8040810234375 0.1014703140625 0.8040866718749999 0.0933974890625 0.8130524609374999 0.0797894390625 0.8194868015625 0.06541063750000001 0.8316825765625 0.0614085734375 0.848892990625
1 0.564228028125 0.8000328343750001 0.5687850359375 0.8015007656250001 0.5691656078125 0.8014808203125 0.5794931046875 0.7981387875 0.5864582609375 0.7877618734375 0.5991692578125 0.7642111593750001 0.6028503390625 0.7525760265625 0.5759398796874999 0.7447986015625 0.5755863812500001 0.744817128125 0.5692156140625 0.7657809624999999 0.5652122796875 0.79173585 0.5639206999999999 0.7941686625 0.564228028125 0.8000328343750001
1 0.24432491562499997 0.7565217109375 0.23587693125000003 0.732213803125 0.2180612453125 0.718015909375 0.2058013734375 0.7168287703125 0.2023491828125 0.7170096906250001 0.19742760312500002 0.7388847234375 0.1970320765625 0.749776353125 0.19741315625 0.757047784375 0.212408746875 0.7732383265625 0.2450768203125 0.771526265625 0.24507336249999997 0.770802925 0.24432491562499997 0.7565217109375