1 0.6163107125 0.517617984375 0.625407996875 0.5293521218749999 0.6305134015625 0.5240410953125 0.6383669875 0.5147845890625 0.6473037140625 0.4952248 0.643926471875 0.4726725328125 0.639767175 0.46541362656249996 0.6249315640625001 0.4659316984375 0.618858521875 0.4795367609375 0.6163117765624999 0.4892495515625 0.615510953125 0.4947158640625 0.6163107125 0.517617984375
1 0.793233034375 0.475833396875 0.8057906328125 0.4773196546875 0.8179678125000001 0.4679121421875 0.8214753874999999 0.45816579687500003 0.820580284375 0.43253343749999995 0.8123400078125 0.42342784531250005 0.800612046875 0.42383739531250003 0.7905491375 0.426524675 0.783897471875 0.436590159375 0.784789096875 0.46212296718749996 0.793233034375 0.475833396875
1 0.5179605671874999 0.29092506875 0.5218933125 0.29335408281249997 0.5365291734375 0.299258890625 0.5649281687500001 0.28607697499999996 0.576611365625 0.27616013437500003 0.5765052890625 0.27312247031250003 0.5676525265625 0.25390231406249997 0.5554162609375 0.2479124359375 0.5219541921874999 0.24908095624999999 0.514673953125 0.25190280781249996 0.5138602 0.270104315625 0.5143472546875001 0.28405176718749997 0.5179605671874999 0.29092506875
1 0.46566182968750003 0.36086697968750003 0.47672299999999995 0.360480715625 0.4848701859375 0.35042738125 0.488194534375 0.3418188828125 0.4878095015625 0.33079298437500004 0.48546225156249995 0.33009135624999997 0.4688966703125 0.33066983906249997 0.4605898625 0.3349216484375 0.45731540312499996 0.351389615625 0.45822461875 0.359053678125 0.46566182968750003 0.36086697968750003
1 0.16832101875 0.29070199375 0.1861688046875 0.286027965625 0.1912044375 0.27550015625 0.185226915625 0.25905577812499997 0.18361455625 0.25776913281249997 0.145600809375 0.2590966015625 0.1431497359375 0.2651719390625 0.1433792484375 0.2717443140625 0.15072747656250002 0.285465259375 0.16832101875 0.29070199375
1 0.6044627921875 0.4127654921875 0.5953039875 0.41568883906250004 0.596429903125 0.41478167812500005 0.592976440625 0.41533620625 0.5902675453125 0.420637834375 0.5870680593750001 0.4413320890625 0.5870928421875 0.44204180624999995 0.614242328125 0.44754354531249996 0.616000565625 0.447482146875 0.639781525 0.4462457515625 0.6540675765625 0.4409737546875 0.6566929015625 0.4204128359375 0.6566616828125 0.4195188640625 0.6455079718750001 0.41133216250000004 0.6219818593750001 0.41131386875000003 0.6206575156249999 0.4113601171875 0.6044627921875 0.4127654921875
1 0.716259571875 0.8486213765624999 0.7287291046875 0.8540444296875 0.7426084453125 0.8518858921874999 0.7451478687499999 0.8446833390625 0.7356147109375 0.8274407437500001 0.717746725 0.8222845765625 0.7107998765625 0.822527165625 0.705229659375 0.8253525328125001 0.7055824578125 0.8354553625 0.7069891515625 0.8389019671875 0.716259571875 0.8486213765624999
1 0.2460199921875 0.1416240578125 0.261712453125 0.141076065625 0.26898160625 0.12427670625000001 0.265609975 0.110606503125 0.2553334640625 0.10048655937499999 0.2465074390625 0.0963825921875 0.2422979046875 0.094684265625 0.2354337953125 0.094923965625 0.23137711093750002 0.1053882625 0.232069125 0.125204946875 0.23467774375 0.136504959375 0.2460199921875 0.1416240578125
1 0.49415960312499996 0.125634821875 0.482372665625 0.1355560859375 0.4800188828125 0.15167276093749998 0.48010224843750005 0.15406005 0.490384490625 0.15967061875 0.5003862421874999 0.161802121875 0.5184776531249999 0.158689584375 0.5335840796875 0.14906585781249998 0.5344107734375 0.142253065625 0.5343990484375001 0.1419172921875 0.5308615375 0.13427627656250002 0.524427296875 0.1237509359375 0.5100187609375 0.1217733234375 0.49415960312499996 0.125634821875
2 0.4912724703125 0 0.3907986359375 0.0035086234374999995 0.3689477375 0.0342253578125 0.3147528859375 0.052743584375 0.302976740625 0.0724406359375 0.2906098703125 0.0894981953125 0.2905403703125 0.09828839375000001 0.29194924843750003 0.138633371875 0.30708076093750003 0.1614110515625 0.322691978125 0.1801517171875 0.34827312187500004 0.1845786203125 0.3646823203125 0.1833405578125 0.3935635546875 0.182332003125 0.4075061890625 0.181845115625 0.45542559374999997 0.183496871875 0.46969445312499997 0.2209051921875 0.495682221875 0.2512539984375 0.5353807125000001 0.2744737359375 0.5479312375000001 0.295077390625 0.5480626609375 0.29507280156250004 0.5440857265625 0.20966203125 0.5414074140625 0.1472429234375 0.5403636390625 0.1173531140625 0.5363647828125 0.045669743750000005 0.5243660015625 0.016162490625 0.506646225 0 0.4912724703125 0
2 0.5001453546875 0.45808320937499997 0.5039587859375 0.47860453593749996 0.510554715625 0.5196831937499999 0.4939397484375 0.5464257578125 0.505258590625 0.5749468203125 0.506027009375 0.5969514296875 0.5000585171874999 0.6329610125 0.49365770937500003 0.65659291875 0.4919521390625 0.67248220625 0.49289295781250003 0.6994237078125 0.49963239843749996 0.7390022640625 0.5039741203125 0.7746518046875 0.5121999203125001 0.8032808265625 0.544401940625 0.809041140625 0.549938196875 0.760653984375 0.5459806859375 0.7360068 0.56489785 0.7160686468749999 0.59182315 0.6889660656250001 0.6158219109374999 0.6371802421874999 0.6180626671875 0.6245877390625 0.6170179984375 0.59467235625 0.614451659375 0.568379771875 0.6088162500000001 0.5548069015625 0.6055950125 0.4866754765625 0.5965818125 0.4409459359375 0.5836331796875001 0.42487450468750004 0.5627724656249999 0.41871814531249996 0.5329205906250001 0.42113756718750006 0.5216837187500001 0.3741665953125 0.5171242328125001 0.374325815625 0.5108592203125 0.380598975 0.4931652125 0.40600224999999995 0.49686013124999995 0.45269007187500004 0.5001453546875 0.45808320937499997
2 1 0.72161113125 0.9827657046875 0.69260360625 0.9502499656250001 0.6482992015625 0.90569749375 0.5699909671875 0.8716735390625001 0.5711791093749999 0.839001140625 0.550699915625 0.83103076875 0.550978246875 0.805989 0.57672316875 0.8063490296875001 0.58703305625 0.836260478125 0.6357561953124999 0.8103347390625 0.7011688359375 0.8105967515625 0.708671884375 0.8162910484375001 0.7459668046875 0.826118821875 0.7456236109375001 1 0.7280414687500001 1 0.72161113125
2 0.45631000625 0.2560056828125 0.4616396671875 0.27505265625 0.461908078125 0.31613225 0.471097828125 0.34553518906249997 0.50686264375 0.367890640625 0.5406454953125001 0.33348998750000003 0.5516523515625 0.31474674999999996 0.5439932 0.295781125 0.517698578125 0.2774661984375 0.5004168203125 0.2500942765625 0.5102589281250001 0.2313917125 0.542901559375 0.231126028125 0.5685558109375 0.2311043796875 0.5788003703125 0.19053195 0.55937211875 0.16848036718749998 0.5124175 0.159629228125 0.525875765625 0.144297328125 0.5319797953125 0.118731415625 0.503508234375 0.1048637375 0.47245723125000005 0.1173130453125 0.422618303125 0.1260473453125 0.40784283437499996 0.13705408125000001 0.38319481093749996 0.1658902875 0.3640044296875 0.1840450828125 0.3333192390625 0.2069724453125 0.33229320625000003 0.21941914218749997 0.332866940625 0.23584873750000002 0.3572539234375 0.224495496875 0.3674315765625 0.21539776093750002 0.43666826406250003 0.22784188906249997 0.45631000625 0.2560056828125
2 0.207792515625 0.055704771875 0.18673608125000002 0.053817353125 0.176985403125 0.0751394484375 0.173302334375 0.10324347812500001 0.1712386515625 0.1293334328125 0.171512509375 0.137175725 0.17513183593749998 0.155633540625 0.215073690625 0.1306344890625 0.2274891765625 0.11883588125 0.2623511703125 0.0969408921875 0.262293621875 0.09529291250000001 0.24509394375000002 0.055276395312500004 0.2355873140625 0.0511419375 0.22441763125 0.051531990625 0.207792515625 0.055704771875