1 0.32857456093750004 0.837973221875 0.3245768046875 0.8397428484375 0.3197652171875 0.8444595296875 0.3196349140625 0.84819091875 0.3240846484375 0.8538363500000001 0.3404795515625 0.8694602921874999 0.3586199390625 0.8710344687499999 0.3685394203125 0.8619106015625 0.36874563125000004 0.856005478125 0.36382681093749997 0.8476984828124999 0.3514412234375 0.843032753125 0.342364715625 0.8384547859374999 0.32857456093750004 0.837973221875
1 0.4760841625 0.7371458 0.4641456546875 0.727011990625 0.4605678375 0.7268870515625 0.44596635156250003 0.72740103125 0.43802792031250004 0.7444603296875 0.4372797390625 0.747175296875 0.44201854375 0.771579415625 0.44691433125 0.7717503796875 0.45523949999999996 0.771644665625 0.47309128281249996 0.7722680640624999 0.475064703125 0.7663392921875001 0.4760841625 0.7371458
1 0.5126463578125 0.5851408609375001 0.5034695234375001 0.578546140625 0.49114571093750004 0.581252915625 0.479569890625 0.592985240625 0.47929084531250005 0.600976025 0.4808558109375 0.6085930984375 0.4899640015625 0.6150926515624999 0.5040793859375 0.61495813125 0.5061555125 0.6093838125000001 0.5107555578125 0.598878159375 0.5126463578125 0.5851408609375001
1 0.4518016734375 0.84015845 0.4351411625 0.8292939484374999 0.42379504062500006 0.8288977328125 0.4134213546875 0.8337738625 0.412659253125 0.8555975859375 0.41944844843749995 0.8720415562499999 0.42737428125 0.8772758328125001 0.4424689421875 0.8778029500000001 0.4476627203125 0.877356375 0.452441003125 0.8683229171875 0.4576811625 0.8576820078124999 0.4518016734375 0.84015845
2 0.729886096875 0.35265007812500004 0.738458196875 0.3346967640625 0.7409609406250001 0.313587503125 0.7298679906250001 0.2953976390625 0.7253841125 0.2952410578125 0.7070609937500001 0.3031974859375 0.7105061578125 0.40202095 0.722256028125 0.3941881140625 0.729886096875 0.35265007812500004
2 0.5896850296875 0.3686335203125 0.5969855671875 0.3191437765625 0.5688321828125 0.316394278125 0.55750570625 0.331004125 0.556822215625 0.3505767515625 0.573187409375 0.35599568125 0.5820758296874999 0.366904390625 0.58575024375 0.3684961140625 0.5896850296875 0.3686335203125
2 0.70532546875 0.48530379218749997 0.691417825 0.47541540937500004 0.690436365625 0.4753811359375 0.6760361828125 0.4820994625 0.6600810828125 0.48374928125 0.6463397484375 0.48944898437499995 0.6407799140625 0.498018478125 0.640777103125 0.4980989390625 0.6500098203125 0.502377625 0.6561092140625 0.5131841484375 0.6688366765625 0.519966978125 0.6706332234375 0.520029715625 0.6854582375 0.517139178125 0.6996701468750001 0.4966080703125 0.705321665625 0.48541268750000005 0.70532546875 0.48530379218749997
1 0.6430241624999999 0.7023801187500001 0.6431664140625 0.6983065500000001 0.6324059046875 0.682857290625 0.6313390453125 0.6828200359375 0.61625611875 0.6853703875 0.608914421875 0.6941840484374999 0.608331159375 0.710886490625 0.6137155437499999 0.722854371875 0.625115525 0.7232524687499999 0.6252197046875 0.72325435625 0.63511308125 0.7134720109375 0.6420877359375 0.7101218328125001 0.6430241624999999 0.7023801187500001
1 0.6023129593750001 0.3907395953125 0.6025591718750001 0.40270860781250006 0.614596415625 0.4144185453125 0.6247164234375 0.4169507171875 0.6270199046875 0.4170311578125 0.632086890625 0.38878271249999996 0.6321905796875 0.38581344375 0.625648446875 0.3714942859375 0.6112298796875 0.37099077812500003 0.6025402265625 0.3842315 0.6023129593750001 0.3907395953125
2 0.636457290625 0.305156990625 0.62979555 0.3248472421875 0.631586875 0.34483268125 0.6484818125 0.35947625781250003 0.650421909375 0.3595440078125 0.6586926015625 0.3384741859375 0.6592485015625 0.32255527968750003 0.654485815625 0.30401716875 0.636457290625 0.305156990625
2 0.6472192359375 0.38829073125 0.6480392593750001 0.4075781421875 0.6502120031249999 0.43089738281249995 0.6682307203125 0.4301213046875 0.6745428 0.41846510937500003 0.675011815625 0.4131734265625 0.675653975 0.39478441875 0.6743250015625 0.3819322125 0.664491053125 0.379104509375 0.6570462609375001 0.37884453125 0.6472192359375 0.38829073125
2 0.6882387343749999 0.59060621875 0.6739994203124999 0.59648518125 0.6587193578125 0.5956328109375 0.6420871796875 0.596964834375 0.6384514890624999 0.6042105140625 0.6383208046875 0.6079528 0.638613509375 0.6111900015625 0.6514918234375 0.6199288140625 0.66963398125 0.6240692875 0.6946389500000001 0.6265365328125 0.7137529375 0.6272040078125001 0.7146744109375 0.620527875 0.7153099359375 0.6023288375 0.7145179640625 0.5931179640625001 0.7033187078124999 0.585272665625 0.7003403765625 0.5851686609375 0.6882387343749999 0.59060621875
2 0.6888197953125 0.69778473125 0.6785217515624999 0.703420021875 0.6588632828125001 0.6998938375 0.6429145953125001 0.6978791828124999 0.6275135984375 0.705740559375 0.625150134375 0.7104394953125001 0.6249374953125 0.7165286796875 0.6368542140625 0.72752218125 0.6620765671875 0.7284029656250001 0.682298490625 0.72784701875 0.7002292531250001 0.720585171875 0.7162207140625 0.7105618109375 0.7163263765625 0.7075360328125 0.7078025968749999 0.6965545046875 0.7070865203125 0.6964093625000001 0.690614346875 0.6958341421875 0.6888197953125 0.69778473125
2 0.789747859375 0.17821083437500002 0.7815653250000001 0.1740994828125 0.7688153953125 0.17002999531250002 0.7591192859375 0.1666525671875 0.756232153125 0.1665517453125 0.754873028125 0.1693417890625 0.7545429640625 0.1787935625 0.7422747625 0.18400286562499998 0.7514671265625 0.189961590625 0.7685737921875 0.2000222671875 0.7832097734375 0.20188977812500003 0.7868857031250001 0.20201814375 0.7992253296875 0.199079171875 0.7998012859375 0.19752700625 0.800164721875 0.18711955156249999 0.789747859375 0.17821083437500002
2 0.626200084375 0.198957971875 0.6261705296875 0.1998043265625 0.6306582374999999 0.2248040375 0.6384661828125 0.2457914015625 0.6609810640625 0.2484607921875 0.6826105859375 0.2477095828125 0.689718353125 0.215890425 0.69009200625 0.20519039218750001 0.668886140625 0.1681919125 0.66830530625 0.1681716296875 0.6515416890625 0.1878702078125 0.626200084375 0.198957971875
2 0.842170978125 0.283485 0.8270752359375001 0.2697757609375 0.8061455499999999 0.2667922625 0.798516271875 0.2665258421875 0.780650421875 0.2899991484375 0.7606050921875 0.2885459015625 0.73422038125 0.2815984359375 0.7042363765624999 0.2803970609375 0.7019613078125 0.28461485937500003 0.7157644609375 0.3065648296875 0.7316115703125 0.3131443421875 0.7674777421875 0.3219294328125 0.7943379609375001 0.32964675468750004 0.8306665203125 0.339577896875 0.8525219859375 0.3467438234375 0.862184740625 0.32900298437500003 0.882789559375 0.3282532796875 0.8828310671875 0.327064640625 0.8749764640625 0.30798169999999997 0.8559741187500001 0.30543496718749996 0.8417637546875 0.2951463328125 0.842170978125 0.283485
2 0.828351128125 0.012724954687500001 0.8270588562500001 0.0126798265625 0.8121455234375 0.0288455453125 0.8061688796875 0.0597857734375 0.8078733609375 0.08647260625 0.801328925 0.1013161359375 0.8007062843750001 0.12993131875 0.798255353125 0.15697545468750002 0.7950263796875 0.17394437812500002 0.7975436124999999 0.18519235 0.8327370421875001 0.18642133125 0.8418760546874999 0.1567201625 0.84321775625 0.118298859375 0.8404308 0.018229709375 0.828351128125 0.012724954687500001
2 0.7817450796875 0.4214250328125 0.75836756875 0.4105248921875 0.7522030015625 0.4103096203125 0.7353976078125 0.411265721875 0.7192454609375 0.41120280625000005 0.7192319515625 0.41158965937499997 0.722641928125 0.46000961250000005 0.7395063875 0.4661710484375 0.7559152484375 0.46828699531250007 0.7634101390625 0.46854872187499996 0.7745079140625 0.4668909140625 0.7841925875 0.4591906453125 0.78935501875 0.440782075 0.7817450796875 0.4214250328125
2 0.7319107265625 0.73103166875 0.7433925328125001 0.7293826015625 0.746227815625 0.7129023453125 0.7509790062499999 0.6954841859374999 0.7464715421875 0.67433293125 0.7383887921875 0.6740506765625 0.7267123765625 0.6785599015625 0.721269578125 0.7049971453125 0.722965903125 0.7211332546875 0.7319107265625 0.73103166875
2 0.74286615 0.6229938578125 0.7377387921875 0.6403988828125 0.7353491078125 0.6552819078125001 0.7352295046874999 0.6587069140625 0.7483837984374999 0.669909934375 0.7652858390625 0.6604521250000001 0.7763462140625 0.6453352765625 0.7763824203125 0.6442984703125 0.7666608125 0.6318632125 0.7582029625 0.623148671875 0.7441580671875 0.6226582140625 0.74286615 0.6229938578125
2 0.7948391890625001 0.5301579953125 0.76478680625 0.5201907265625 0.7466349875 0.5195568500000001 0.735402 0.5201731578125 0.7247882 0.536374284375 0.7202090453125 0.552409490625 0.6981355296875 0.5568824515624999 0.697840596875 0.5653282468749999 0.698939434375 0.5716281921874999 0.7189322265625 0.5745861359375 0.7793835078125 0.5699177734374999 0.8212029328125 0.569635234375 0.8212279109375 0.5689199687500001 0.8180187374999999 0.556954984375 0.801669840625 0.5503579796875 0.79497315625 0.540708353125 0.7948391890625001 0.5301579953125
2 0.6973257875 0.509501565625 0.6878137546875001 0.5154111640625 0.6877257625000001 0.5179309265625001 0.6979493 0.527831253125 0.7048751765625 0.5317164125 0.7153413625 0.5361708421875 0.734908390625 0.533588128125 0.735216625 0.524761446875 0.7332503921875 0.516566703125 0.722408603125 0.50933013125 0.7021764140625 0.5086236078125 0.6973257875 0.509501565625
2 0.6167095406249999 0.5454139796875 0.6360754671875 0.546090253125 0.6455100921875 0.54164955 0.6462217171875 0.52127128125 0.6368094390625 0.5157216578125 0.63051554375 0.5155018703125 0.624523365625 0.530588625 0.6167095406249999 0.5454139796875
2 0.6089242328125 0.4588531484375 0.608420715625 0.4732719890625 0.6271663421875 0.47835974062500003 0.645474846875 0.474458084375 0.6636679453125 0.46939086874999997 0.663696671875 0.46856826093750004 0.64328921875 0.462704915625 0.6303649734375 0.45139506249999994 0.6256847859375 0.45123162812500006 0.6089242328125 0.4588531484375
2 0.7716904921875 0.10424016250000001 0.784223215625 0.1100576234375 0.787038225 0.11015592656249999 0.7961368656250001 0.07617304375 0.7836823749999999 0.058068659375 0.7703764828125 0.057604007812500004 0.7703437390625 0.0585416578125 0.7743226765625 0.0726893203125 0.7734627 0.09001176562499999 0.7716904921875 0.10424016250000001
2 0.7254696609375 0.8317750296875 0.7173499953125 0.846695590625 0.7201384296875 0.869599140625 0.7200539906250001 0.8901498968749999 0.7092965390625 0.9080754859375 0.7071327765625 0.9398159406250001 0.7131920953125 0.947629590625 0.7246894015625001 0.9482561125 0.732318028125 0.937879853125 0.727058734375 0.9132006734375 0.7308448750000001 0.8894004890625 0.7386901859375 0.8702469828125 0.748573003125 0.8586275484374999 0.7491122109374999 0.84318664375 0.748100240625 0.83650711875 0.737114184375 0.824097596875 0.73570965625 0.82404855 0.7254696609375 0.8317750296875
2 0.6408952343750001 0.9020617281250001 0.643091390625 0.9212568578125 0.6540223265625 0.930731125 0.6582848125 0.9308799734375001 0.6631443390625 0.927376075 0.6735602890625 0.9040405765624999 0.6795439640625001 0.8836256203125 0.6873805125 0.8604630203125 0.6784008796875 0.8408087125 0.6602722609375 0.8401756468749999 0.654677215625 0.8410407093750001 0.6427185765625001 0.8715589734375 0.6414675046875 0.8856740249999999 0.6408952343750001 0.9020617281250001
2 0.6186492625 1 0.6249871546875 0.8881140656250001 0.6051391749999999 0.79562818125 0.6322696734375 0.739648009375 0.6411224171875001 0.678388846875 0.621553040625 0.662033540625 0.63591240625 0.5992875453125001 0.6389448640625 0.5725272765625 0.6680580468749999 0.5438791953125001 0.6690707812500001 0.5385310109375 0.6701185374999999 0.5085271828125 0.5838072624999999 0.5029266140625 0.5296912875 0.5010368421875 0.522743153125 0.5386585359375 0.5585276875 0.6073433968749999 0.5334802359374999 0.73292746875 0.53469081875 0.8784948187499999 0.5643650609375 0.9299051593750001 0.6155075546875 1 0.6186492625 1
2 0.36796575468750004 0.9644249859375 0.3662724359375 0.9643658546875 0.359688484375 0.9941214515624999 0.3629648921875 0.9955194 0.374080178125 0.9959075546875 0.39056451875 0.9923084234375 0.39061381875 0.9908966375 0.387436209375 0.9790015328124999 0.36796575468750004 0.9644249859375
2 0.41961277656249996 0.9083808015624999 0.41630718437500003 0.9084422578125 0.4151349875 0.9082244328125 0.380801465625 0.9070254796875 0.374098103125 0.9084127890625 0.3739664140625 0.9121838671875 0.3748035765625 0.94942534375 0.39152057500000004 0.9464893046875 0.41216780000000003 0.9412237687499999 0.41718147187500004 0.9548686015625 0.4204647578125 0.9751879015625 0.45019194531249995 0.9814642421875 0.47482455312500005 0.9621197875 0.4779691921875 0.95179413125 0.47837957812500004 0.9400422015625001 0.4615034734375 0.9291027015625 0.4499049125 0.918221178125 0.4450107296875 0.9092677171875 0.41961277656249996 0.9083808015624999
2 0.491546125 0.7705428296875 0.46625015937500003 0.761481434375 0.4642536625 0.761411715625 0.44639990625000003 0.7721213546875 0.446383703125 0.77258536875 0.464013865625 0.7871668890625 0.4863183875 0.80590546875 0.4998466875 0.8111216765625 0.5079436921875 0.8114044296875 0.5223547046875 0.800044803125 0.522547953125 0.794510928125 0.5091396968749999 0.78125951875 0.491546125 0.7705428296875
2 0.5057131218750001 0.5259319 0.541709371875 0.5241956234375 0.561417003125 0.5458367796875 0.5786504781249999 0.523989015625 0.556698284375 0.4951604328125 0.522329221875 0.4788914203125 0.5195211234375 0.478793359375 0.48992563125000005 0.49208034375 0.47162735468749994 0.5015436906249999 0.4686541328125 0.5175797578125 0.5057131218750001 0.5259319
2 0.4744124390625 0.38314729999999997 0.474395721875 0.3836260453125 0.5075141125 0.385525159375 0.5329811921875 0.3614277859375 0.5330849453125001 0.3584566515625 0.5227199453125 0.3428847046875 0.51630305 0.342660621875 0.4943104625 0.349144728125 0.4744124390625 0.38314729999999997
2 0.56775889375 0.1662239234375 0.5618845640625 0.16601878750000001 0.5377099734375 0.1909980703125 0.5496836187499999 0.2338402078125 0.55003515 0.2997552859375 0.5835213734375 0.3148788109375 0.6039098218750001 0.3002400125 0.6043358624999999 0.288039809375 0.6001940734375 0.2445879765625 0.6033855984375001 0.20676737812499998 0.5970430296875 0.1741040015625 0.56775889375 0.1662239234375
2 0.5746692312499999 0.0054296390625 0.5201426671875 0.0035255296875 0.5067284859375001 0.00866715 0.49340398125 0.03665089375 0.502883590625 0.0759121953125 0.5087828296875 0.11055650312500001 0.537515096875 0.10207685468750001 0.5673603578125 0.08315483125 0.5985519015625 0.07925300625000001 0.603600409375 0.0954007 0.6003310953125001 0.124733775 0.6128966640625 0.15062698125 0.630079440625 0.145272878125 0.6394923046875001 0.11761650937499998 0.669476771875 0.0947065046875 0.6857381296875 0.0612405828125 0.685821915625 0.058841251562499995 0.6708879578125 0.0328666515625 0.6414768093750001 0.060787734375 0.5938085734375 0.0436508265625 0.5746692312499999 0.0054296390625
2 0.5729277953125 0.454387040625 0.5749097703125 0.45445625156249997 0.594360671875 0.43884805 0.5893547546875 0.41852318593750004 0.5800046671875 0.398536453125 0.5645314703125 0.374050390625 0.560345903125 0.373904228125 0.53432448125 0.4130334265625 0.5341624703125001 0.4176728140625 0.5509286359375001 0.44332194375 0.5729277953125 0.454387040625
2 0.5340651890625 0.6885574984375 0.5225755515625 0.6485690359375 0.49776461875000005 0.6033747875000001 0.517483815625 0.556476115625 0.508122040625 0.5026950859375 0.483165059375 0.4634527046875 0.483065878125 0.46344924218749994 0.4593006328125 0.5153315421875 0.42061396406249996 0.5596121453125 0.3954120625 0.60957875625 0.38412289843749997 0.6745131828125001 0.383778734375 0.684368734375 0.440516234375 0.7277502859375 0.4408021921875 0.727760271875 0.4794612546875 0.70768830625 0.521445290625 0.725010953125 0.5335092265625 0.7044781953125 0.5340651890625 0.6885574984375
2 0.32107089843750003 0.8305706890625 0.297762771875 0.8385220765625 0.27112146406250004 0.850606915625 0.2504776484375 0.8634324156250001 0.23977832812500002 0.8853611828125001 0.251144625 0.8950639796875001 0.28299226875 0.8860827296875 0.32724250781249997 0.8669099593749999 0.35651580625 0.848050484375 0.35662649687500003 0.84488071875 0.355052946875 0.8314917546875 0.3421060265625 0.8259381328125001 0.3307923359375 0.82554305 0.32107089843750003 0.8305706890625
2 0.4624441734375 0 0.45882464531249995 0.002010503125 0.4506199125 0.01606538125 0.45030096718749996 0.02519875625 0.4530967421875 0.04023313125 0.472225396875 0.0376077359375 0.47872798124999993 0.034636846875 0.4799375265625 0 0.4624441734375 0
2 0.26655284375 0.9398854640625001 0.26371977812499997 0.9498936171875 0.26354445625 0.9549142015625 0.2735849390625 0.9609449359375001 0.27525445625 0.9610032374999999 0.3031849875 0.9572257109375 0.313980646875 0.9468126124999999 0.314061528125 0.944496478125 0.303971909375 0.934691253125 0.2776293734375 0.9284378703125 0.2753418796875 0.9283579890625001 0.26655284375 0.9398854640625001
2 0.6791644828125001 0.2786518609375 0.677928584375 0.30309375156249996 0.6711142 0.33397219843750003 0.6678804375 0.348760871875 0.6677467390625 0.35258949375 0.6848639375000001 0.349920221875 0.6901316875 0.3259645109375 0.6926023765625 0.299015215625 0.7035564078125 0.25909943593749996 0.710874703125 0.23685168124999997 0.7110205921875 0.23267395937500002 0.7053052656250001 0.217930721875 0.7036132 0.21787163281250002 0.6800540609375 0.253177665625 0.6791644828125001 0.2786518609375