2 0.8774295593750001 0.553026546875 0.8774394531249999 0.5528377453125 0.8622544359375001 0.5361960375 0.8617764953125 0.536170990625 0.8446155859375001 0.5422197359375 0.8400634796875 0.549489203125 0.8400306625 0.5501154125000001 0.8441571874999999 0.5665404875 0.8457447734375 0.5666236890625 0.865712234375 0.5658765906250001 0.8713914812500001 0.5558650953125001 0.8774295593750001 0.553026546875
2 0.6859464546875 0.6848705515625 0.6857399109375 0.688811646875 0.69024345 0.693313178125 0.706515578125 0.7150601734375 0.7063790765625 0.7176647953125 0.711262903125 0.7285573765625 0.732133178125 0.7296511406249999 0.7368748640625 0.7271337875 0.737395753125 0.7171946499999999 0.7368409406249999 0.712296496875 0.7270594625 0.6995955828125 0.72020480625 0.6974951609375 0.7150992671874999 0.6841687109375 0.7071988859375 0.6746558265625 0.695567634375 0.6740462593750001 0.6900413624999999 0.6750201546875 0.6859464546875 0.6848705515625
2 0.3392338375 0.5036443546875 0.3612739265625 0.503928834375 0.3895316609375 0.5184686390625 0.37824865625 0.5344185718750001 0.40019774375 0.536439465625 0.42959299843750004 0.5292740859375 0.41449856875 0.5293536125 0.4167026984375 0.509445509375 0.37965918125 0.507504140625 0.35376216718750003 0.4922174640625 0.3237098125 0.48977189374999996 0.304171696875 0.5052707578125 0.3040541421875 0.5075138375 0.3138775109375 0.522339103125 0.3392338375 0.5036443546875
2 0.5728704140625 0.5127436828125 0.5729416203125 0.5113849671875 0.56306368125 0.5031345421875 0.561612978125 0.48651726406250007 0.5513764937500001 0.482498425 0.5376892984375 0.50246595625 0.5376382359375 0.503440296875 0.5383443671875 0.5096743828125 0.55066856875 0.5181555984374999 0.5728704140625 0.5127436828125
2 0.14873410468749998 0.7066486750000001 0.1715477078125 0.6921736296875001 0.1927031921875 0.687188196875 0.2259807828125 0.6723909531250001 0.2196266359375 0.66074025 0.205078215625 0.6504012875 0.204785121875 0.633844678125 0.20421902187500002 0.622497315625 0.1880124828125 0.6216479671874999 0.1752495921875 0.616177928125 0.1710156546875 0.6159560359375 0.1613020515625 0.6167657625 0.1520612609375 0.638046275 0.160639628125 0.651554728125 0.1870371515625 0.6572911234375 0.19041898125 0.659209540625 0.1726453234375 0.6661133921875 0.1661292609375 0.679701371875 0.1512623359375 0.6754398609375001 0.13875613125 0.670431478125 0.1253854109375 0.6819190374999999 0.11192368906250001 0.6951430109375 0.10082268750000001 0.7076201109375 0.084903646875 0.72855063125 0.1135253875 0.7361447765625 0.12142656562500001 0.7182764265625 0.14873410468749998 0.7066486750000001
2 0.3222080421875 0.7590197453124999 0.355415259375 0.761541453125 0.35923568906250003 0.7617416734375 0.364701015625 0.74557605 0.36079858593749997 0.7314420609375001 0.377505634375 0.7227411265625 0.3792805515625 0.7136008734375 0.3796814171875 0.705951903125 0.3613700078125 0.6983895109375 0.34137213437499997 0.7034356125000001 0.33596818125 0.7179524671874999 0.3459771625 0.7263123421875 0.34561315625 0.733258003125 0.3407097109375 0.738224575 0.3205298328125 0.74674350625 0.3222080421875 0.7590197453124999
2 0.4157756390625 0.6770847265625 0.41480730781249997 0.677033978125 0.3989633734375 0.680598615625 0.3845867125 0.6891314796875 0.3868461859375 0.7124656828125 0.4057678453125 0.7188056359375 0.40762050624999996 0.7189027296875 0.41750797500000003 0.700702784375 0.41829409531249995 0.6857027328124999 0.4157756390625 0.6770847265625
2 0.5502725671875 0.6407344578124999 0.526665359375 0.6482031765625 0.53222590625 0.652847553125 0.5327010015625 0.66593133125 0.547522428125 0.6710610484374999 0.5648190578125 0.666372690625 0.56598570625 0.64411171875 0.5502725671875 0.6407344578124999
2 0.5230228328125001 0.6279468296874999 0.5232642937499999 0.623339459375 0.52212445625 0.6157956625 0.49198109843750004 0.615086509375 0.47559255624999996 0.617709990625 0.469395 0.6252205187500001 0.47116420937500003 0.6357603421875 0.5024196765625 0.637398371875 0.5165384984375 0.6337853484375 0.5230228328125001 0.6279468296874999
2 0.21923557031250002 0.6229744578124999 0.232612878125 0.6162332390625 0.233638025 0.5966722625 0.2276950609375 0.5904028515624999 0.20990326406249998 0.5840327296875001 0.17761893125 0.6051790875 0.1865350875 0.6212606968750001 0.2072437140625 0.622345990625 0.2115290875 0.62218178125 0.213835159375 0.622691434375 0.21923557031250002 0.6229744578124999
2 0.052815037499999995 0.5584969531249999 0.06807471875 0.5712424125 0.075563428125 0.5716348796874999 0.080431459375 0.57053705 0.091832690625 0.5489860203125 0.08209232968749999 0.5388457484375 0.060602178124999996 0.52863405 0.0549537640625 0.5283380281250001 0.028549973437499997 0.5460605125 0.0284315484375 0.5483202015625 0.052815037499999995 0.5584969531249999
2 0.5142958171875 0.28692995468750004 0.4911940265625 0.287995384375 0.48257180312500003 0.3055191421875 0.48670245625 0.31857535625 0.4989184875 0.32435146718749996 0.5074182328125 0.32671325625000003 0.51041859375 0.3268704984375 0.5129933906249999 0.3117817328125 0.5142958171875 0.28692995468750004