1 0.632868515625 0.1407766203125 0.6395260765625 0.12410221562499998 0.6338045140624999 0.1137276953125 0.6268434015625 0.1077674765625 0.619721746875 0.11446574062499999 0.605874921875 0.1317985265625 0.606910896875 0.151566115625 0.6151955046875 0.15912898125 0.621972353125 0.158773821875 0.6293000171875 0.153521721875 0.632868515625 0.1407766203125
1 0.5224496875 0.2703853953125 0.526024778125 0.2701980328125 0.5378946390625 0.25976065937500004 0.5402618 0.24205529062500003 0.5341792171875 0.2247927296875 0.5163410328125 0.22572758906249998 0.5080152859375 0.22576718593749998 0.5031232296875 0.2260235671875 0.5017088125 0.2340541671875 0.5030874140625 0.26035946718749997 0.507841453125 0.270126325 0.5224496875 0.2703853953125
1 0.5123688875 0.4043331125 0.5082842750000001 0.3906403921875 0.49864426875 0.384959403125 0.48459432343750003 0.3863236484375 0.483011928125 0.3920577015625 0.4806309640625 0.399113496875 0.48164959375 0.418550125 0.48569581875 0.4209527921875 0.4950164453125 0.42046431875 0.5004163828125 0.41877336249999997 0.5123688875 0.4043331125
1 0.55786836875 0.146011196875 0.556818965625 0.13632166875 0.5552718624999999 0.12747028124999998 0.5458563265625 0.123497496875 0.5362085125 0.119751846875 0.5331794249999999 0.11991059374999999 0.517854753125 0.12658909062499998 0.51084624375 0.1397100078125 0.5119292265625 0.16037454843750001 0.5151629843750001 0.1659361078125 0.5354183265625 0.1648745703125 0.5524363046875 0.15604040624999999 0.55786836875 0.146011196875
2 0.2950445671875 0.6771498312500001 0.3364431125 0.6687959890624999 0.3440696921875 0.6569112046875001 0.2557717921875 0.6553751625 0.24488917968749999 0.6559454953125 0.23971012187500002 0.6684662218749999 0.24029319999999998 0.67959199375 0.2547928328125 0.6880909234375 0.2667493171875 0.6874643109374999 0.2772435890625 0.6860339578125 0.2950445671875 0.6771498312500001
2 0.4526433671875 0.6886745265625 0.45559664531250005 0.6388408296875 0.4273107578125 0.6385555234375 0.41732456874999996 0.65405990625 0.4183518109375 0.673660846875 0.43510090156250003 0.67762665 0.444906253125 0.6877191703125 0.4484364453125 0.6888950015625 0.4526433671875 0.6886745265625
2 0.3053301984375 0.51737785 0.30950182187499997 0.5318945234375 0.3311934515625 0.5442629484375 0.34283879375000004 0.548917221875 0.3429476078125 0.54891151875 0.3515862296875 0.5341949671874999 0.3515348328125 0.53321425625 0.34358701406250003 0.5194544109375 0.3405528953125 0.503703815625 0.33367724375 0.49051153281250004 0.3246557875 0.4857197359375 0.3245753890625 0.48572395 0.32111766875000003 0.4952944453125 0.3108838640625 0.5023124796875 0.3052361171875 0.5155826734375 0.3053301984375 0.51737785
1 0.37616281093750004 0.30901084375 0.37578257187499997 0.3017554484375 0.3612919453125 0.292033759375 0.3572214796875 0.292247084375 0.34949728593749996 0.2933184796875 0.34626934375 0.300350540625 0.3382087359375 0.30879236250000003 0.33893372187500004 0.3226259265625 0.3478985953125 0.326472559375 0.36685702343750004 0.325478990625 0.3746957875 0.318714190625 0.37616281093750004 0.30901084375
1 0.40288140468750006 0.6318259578125 0.4174264703125 0.6219128421875 0.4167905125 0.6097780296875001 0.4002529015625 0.6025684906250001 0.39728589531249997 0.6027239843750001 0.3695465203125 0.608201 0.3697733125 0.6125284375 0.3719592171875 0.620659203125 0.38387745156249997 0.632490246875 0.3898509921875 0.6325088531249999 0.40288140468750006 0.6318259578125
2 0.3986568546875 0.68597618125 0.3827449046875 0.6682525390625 0.3627312453125 0.66681028125 0.34325516562499997 0.6737806843749999 0.3442263046875 0.692311128125 0.3566402578125 0.69527048125 0.3803406734375 0.69402839375 0.39868203593749996 0.6864566953125 0.3986568546875 0.68597618125
2 0.3599782859375 0.6337855703125 0.3617437234375 0.6104319609375 0.3622270078125 0.591133178125 0.35194206875 0.5815865140625001 0.3459340984375 0.581901378125 0.3350144 0.5852486875 0.333467934375 0.6032739546875 0.3354342203125 0.6217798218749999 0.34194876875 0.6333240796874999 0.3599782859375 0.6337855703125
2 0.30835247187500003 0.4458934046875 0.3252348359375 0.44500863749999997 0.3305663546875 0.43545317499999997 0.3331098796875 0.41701918750000005 0.333388409375 0.3918943359375 0.33238745000000003 0.3727949078125 0.3157530984375 0.371964296875 0.2983644390625 0.3750035859375 0.2950409296875 0.38075729062499997 0.2959127828125 0.39739325000000003 0.2981526375 0.40140173125 0.305250265625 0.41507447343750004 0.3057328828125 0.43037068125 0.30835247187500003 0.4458934046875
2 0.3207515125 0.311776275 0.3311463375 0.31723098125 0.3332301171875 0.3194180796875 0.347763765625 0.318656403125 0.35014771875 0.31812972500000003 0.3584602671875 0.3070255234375 0.358299896875 0.3039654625 0.3421561359375 0.29423489062499997 0.3241013671875 0.287287084375 0.30387282031249996 0.28708414375 0.278669678125 0.288404984375 0.2673005234375 0.2992666984375 0.267678325 0.3064755703125 0.2697106265625 0.3103463046875 0.2852464796875 0.3179377 0.3011575765625 0.315645009375 0.3207515125 0.311776275
2 0.253508971875 0.8524357453125001 0.2661859375 0.8481443578125001 0.2742954734375 0.8438908312500001 0.2859156953125 0.8335964703125001 0.28565415 0.8286059 0.283407296875 0.822860265625 0.2713513296875 0.8202103093750001 0.2663698875 0.820471375 0.25274396875 0.8224522578125001 0.23581549062499998 0.8328099546875001 0.2267382921875 0.8389216234375001 0.2267388546875 0.8389323781250001 0.23908576875 0.8439226015625 0.23957073750000002 0.8531763296875001 0.2534769265625 0.8524475375 0.253508971875 0.8524357453125001
2 0.4001433296875 0.8023219078125001 0.3909175265625 0.7641637343750001 0.369278190625 0.763790125 0.346813325 0.76685205 0.3393728484375 0.7879724828125 0.3361903359375 0.8076724484375 0.3365419953125 0.8143824953125 0.36089770312499997 0.824536221875 0.378349609375 0.8443329171875 0.4002581765625 0.8045133203124999 0.4001433296875 0.8023219078125001
2 0.14375704843749998 0.7244206265625001 0.16290904374999998 0.7253015031250001 0.177962046875 0.7343124734375001 0.1785727265625 0.7459649234375 0.1948058640625 0.7583063125 0.22304230781249998 0.7598418609375 0.23929143437499997 0.7341136921875 0.25938714375 0.7338143453125 0.2862769625 0.7384357921875 0.316251575 0.7370193171875 0.31815038125 0.732619284375 0.302486690625 0.711955865625 0.2861264375 0.7067825562500001 0.24963108125 0.7011568359375 0.2222004640625 0.6958099046874999 0.1851445875 0.6890827953125 0.1627477390625 0.6838489671875 0.15466796562500001 0.7023644609375 0.1336876234375 0.7049716734375 0.14375704843749998 0.7244206265625001
2 0.302305134375 0.9373392687500001 0.30046506875 0.9022287125 0.2890677765625 0.89988615625 0.27215779218749997 0.903410784375 0.24516054999999998 0.9063333296874999 0.21656059062500002 0.9074552765625 0.20183353906249998 0.9142577734374999 0.1751210234375 0.9130193015625 0.14428981406250002 0.9195350140624999 0.12848772656250002 0.934631815625 0.12857353124999998 0.9362690499999999 0.134169240625 0.9480012562500001 0.2568942125 0.9492763921874999 0.2674884796875 0.9487211703125 0.302305134375 0.9373392687500001
2 0.28066945625 0.61476115 0.2803615734375 0.6003415999999999 0.281024234375 0.5835220796875 0.280701409375 0.5773622078125 0.269394934375 0.5541784921875 0.249908028125 0.5469075390625 0.231592359375 0.5523904609375 0.22406228437500003 0.562208046875 0.2234376421875 0.566955146875 0.22481635625 0.5932625609375 0.22539290156249997 0.597191678125 0.2318477234375 0.6139460359375 0.26388329062500004 0.615640875 0.28066945625 0.61476115
2 0.256863959375 0.3343727703125 0.27703099999999997 0.3281954875 0.2769622109375 0.3268829203125 0.2685231625 0.309668603125 0.24171215 0.3065506734375 0.22578528593749997 0.309646896875 0.21820354531250002 0.317806659375 0.218745121875 0.3281405484375 0.21934762968750002 0.330714775 0.2360122859375 0.33210291875000003 0.25042116875 0.3347104234375 0.256863959375 0.3343727703125
2 0.24749137187499998 0.386794609375 0.2568477640625 0.375976665625 0.2564569171875 0.36851886562499997 0.25425313437499997 0.362317478125 0.2364674625 0.3587265796875 0.221432796875 0.3576431296875 0.2180104 0.3578224890625 0.20994269375000002 0.369166553125 0.2102605078125 0.3752308109375 0.21889141250000002 0.38791655625 0.233283403125 0.396629703125 0.2371692359375 0.3964260546875 0.24749137187499998 0.386794609375
2 0.24542098750000002 0.412943084375 0.241017753125 0.43680477343749996 0.22506490625 0.44166308593750003 0.20905148437499999 0.4525580171875 0.208110059375 0.4777466125 0.220072121875 0.5118118921875 0.23062321406250003 0.5117617125 0.24038824375 0.518288965625 0.2472695703125 0.5345202375 0.24935508906249998 0.5350407625 0.2599713859375 0.5344843859374999 0.2595561078125 0.4956646625 0.2631687390625 0.43514111250000004 0.25986232343750004 0.4152029890625 0.24542098750000002 0.412943084375
2 0.30150758906249997 0.50276695625 0.30126477500000004 0.49813377656249996 0.2972432265625 0.4891243875 0.2932377828125 0.4822673703125 0.28316053750000003 0.47221817499999996 0.28064269375 0.4723501296875 0.274900003125 0.48196384999999997 0.2740267171875 0.48732049843749997 0.2750518171875 0.506880559375 0.28259104062499996 0.5177596796875 0.287910959375 0.5189383375000001 0.29973039218749997 0.51831890625 0.30150758906249997 0.50276695625
2 0.38139911875 0.48852672343750003 0.3804660328125 0.47072239062500004 0.36847099375000003 0.4653302234375 0.3511540328125 0.46623776718750004 0.35137464375 0.470447271875 0.3571911921875 0.48103110156250006 0.3635246203125 0.49619986093749996 0.36939079375 0.495892428125 0.38139911875 0.48852672343750003
2 0.3948346875 0.55172995625 0.39568759375 0.5397537390625 0.39557860312500004 0.53767406875 0.3748508234375 0.5339502109375001 0.3569520390625 0.5394327109375 0.338148625 0.54648689375 0.338157859375 0.5466631140625 0.36015370625 0.5509506656250001 0.374364125 0.561346846875 0.378156021875 0.561148121875 0.3948346875 0.55172995625
2 0.2630018765625 0.9477092109375 0.2618397125 0.9304044109375 0.26673368124999997 0.9117607 0.253432590625 0.9141285203124999 0.24249725781249998 0.930634271875 0.2432692671875 0.945365075 0.24943363125 0.9668784718750001 0.2554252859375 0.9665644625 0.265022134375 0.9619045109375 0.2630018765625 0.9477092109375
2 0.23054861093749998 0.151369278125 0.21967145000000002 0.16668480000000002 0.21972292656249998 0.1676670484375 0.2241149859375 0.1858008921875 0.236704796875 0.1977405703125 0.236879540625 0.19773141249999998 0.2470718796875 0.18854258906250002 0.25386023281250003 0.1729711296875 0.249086234375 0.1503977625 0.2473792359375 0.1299178484375 0.2565334328125 0.1111228984375 0.25600893281250003 0.0838103046875 0.2557643671875 0.07914372187499999 0.24920533437499998 0.0720588296875 0.24179918906250003 0.072302040625 0.237646715625 0.0725196625 0.23100192812499998 0.0834384 0.23839213906249998 0.1075652921875 0.2366947296875 0.13160489375 0.23054861093749998 0.151369278125
2 0.315768884375 0.1527596234375 0.3460737921875 0.1402701890625 0.3491260921875 0.11795610625 0.3264319421875 0.10806265625 0.32552697343750003 0.10811008281250001 0.3030613859375 0.1161504359375 0.282753965625 0.1224894875 0.2596038046875 0.1333111140625 0.25721843125 0.1367441109375 0.2575884578125 0.1438046375 0.26607206250000004 0.1532542109375 0.28126618593749997 0.1547244546875 0.31286015 0.1530686859375 0.315768884375 0.1527596234375
2 0.3780914125 0.43403223437499994 0.43840098593750004 0.503129425 0.4348404875 0.3871166078125 0.407007359375 0.296712525 0.4291556234375 0.2385807953125 0.432635590625 0.1767831734375 0.411715225 0.16219568906249998 0.42055127499999995 0.0984369578125 0.42123988125 0.0715142234375 0.4477454359375 0.040437774999999995 0.4500062921875 0.017876903125 0.44933049687500004 0.0049819703125 0.3519911234375 0.0071694875 0.306195003125 0.009569559375 0.304616359375 0.0260739171875 0.306049778125 0.053425196875000004 0.344163140625 0.1132066796875 0.330156375 0.24049589531249999 0.3440493796875 0.38540380937499996 0.3780914125 0.43403223437499994
2 0.5655488703125 0 0.5648446640625 0.0021536890625 0.5720463203125 0.0252521546875 0.5849071625 0.0205822390625 0.5976788140625 0 0.5655488703125 0
2 0.5326255703125 0.0867887171875 0.5469459624999999 0.08526712812500001 0.552115084375 0.08576731562499999 0.5800394953125 0.084303859375 0.589207746875 0.0815545265625 0.5847197265624999 0.0408227203125 0.5683222328124999 0.0452045703125 0.5482125 0.052249592187500006 0.5420286812499999 0.0390936515625 0.53698694375 0.01913783125 0.50728773125 0.015532340624999998 0.506735128125 0.0155613015625 0.48397296562500003 0.0368939828125 0.48238247031250003 0.04441675 0.4831800171875 0.0596348421875 0.500120984375 0.0686244234375 0.512623796875 0.07845365625 0.51866198125 0.08752051875 0.5326255703125 0.0867887171875
2 0.514582153125 0.2347258765625 0.5141581296875 0.2266350375 0.5087066171875 0.21319983593749997 0.48958162187500004 0.1912257421875 0.47518484843750003 0.174424828125 0.47387570625000003 0.1744934359375 0.46640879062499996 0.187448653125 0.4671993953125 0.2025343 0.473440596875 0.2190439375 0.48446270625 0.2364478 0.5009922671875 0.252599221875 0.514582153125 0.2347258765625
2 0.51631773125 0.5194852 0.53022290625 0.4982894390625 0.5058416734375 0.47148381562499997 0.46865707187499994 0.45770586093750004 0.43905466249999997 0.47423506406250004 0.4225305921875 0.4847000171875 0.4234343140625 0.5019440656249999 0.457732434375 0.506581834375 0.4934403828125 0.5017148875 0.5129070734375001 0.5196639453125 0.51631773125 0.5194852
2 0.49319701406250005 0.615008240625 0.4882128953125 0.615269446875 0.48010522968749997 0.627923421875 0.480565809375 0.6367118203125 0.5020662390624999 0.6563561421874999 0.5366336609375 0.654544540625 0.516472028125 0.621431125 0.49319701406250005 0.615008240625
2 0.41953215781250003 0.815603996875 0.44334729843750004 0.8393675640625 0.4451804984375 0.839271490625 0.4776199640625 0.8299322453125001 0.4833915125 0.7971631515625 0.4795404125 0.7594040125 0.4837899140625 0.70473726875 0.4621172984375 0.6897426624999999 0.46080472656250004 0.6898114515625 0.42842632500000005 0.7051205 0.429225225 0.771031671875 0.4192092703125 0.8094429203125 0.41953215781250003 0.815603996875
2 0.4741613015625 1 0.4899659328125 0.9785490812500001 0.5174538125 0.9686549796874999 0.5225072203125001 0.951381378125 0.49639865624999996 0.9392696203125 0.4671271078125 0.9430503703124999 0.4508937640625 0.9382844468749999 0.4542506265625 0.907029559375 0.472648896875 0.8768586078125 0.4806258078125 0.8479827265625 0.44588381874999994 0.8426890125 0.40646305624999995 0.8338960515625 0.37871611875 0.847706909375 0.37346753125 0.8621494828125 0.37626359531250003 0.9155015734375 0.415214225 0.9341631859374999 0.4331804484375 0.98152508125 0.4162446484375 1 0.4741613015625 1
2 0.4688654234375 0.6221093046874999 0.484550265625 0.6018483890625 0.472441371875 0.5787857078124999 0.44650353593750003 0.5624697359375 0.441867684375 0.562712690625 0.40148155 0.5905986265625 0.40158007187500006 0.592478546875 0.428170146875 0.6086389249999999 0.4483170171875 0.617638771875 0.46811029531250004 0.6221488796875 0.4688654234375 0.6221093046874999
2 0.3993128796875 0.42979717500000003 0.4412750359375 0.48273726874999995 0.441800790625 0.482709715625 0.5149559890625001 0.46867179999999997 0.56447515625 0.4426017015625 0.6080738390625 0.40314812031249997 0.659533478125 0.3784810234375 0.659528284375 0.37838191718749997 0.6198563203125 0.3541136109375 0.565920096875 0.3456918703125 0.519372715625 0.366226559375 0.4737523390625 0.34220815312499997 0.42854591875 0.3300692328125 0.420545665625 0.33048850937499996 0.39734179062499997 0.3446723375 0.415394521875 0.38634765625 0.39878624375 0.4197483703125 0.3993128796875 0.42979717500000003
2 0.6526337859375 0.0968945671875 0.62536571875 0.0897160890625 0.6188388328125 0.0900581484375 0.6094390203125 0.09837019062499999 0.620519421875 0.12010888906249999 0.641383928125 0.13257215 0.6682320875000001 0.14419019375 0.6916754359375 0.1517335875 0.703574478125 0.1576265234375 0.7099059265625 0.15729470625 0.725636234375 0.15021959375 0.727264071875 0.1339193765625 0.6972118984375 0.11529214375 0.6526337859375 0.0968945671875
2 0.5867960984375 0.9539294281249999 0.567969053125 0.9582120046875 0.56175014375 0.9617383281249999 0.5636165859375 0.99735216875 0.5783960968749999 0.9965776078124999 0.5844213140625001 0.9925058281249999 0.5913698625 0.9777893421874999 0.5908915671875 0.968662925 0.5867960984375 0.9539294281249999
2 0.6807538359375 0.0633792015625 0.6826955484375 0.063277440625 0.68761849375 0.0531797890625 0.68729033125 0.046918065625 0.6818770203125 0.0229019125 0.6697228828124999 0.0123240484375 0.668907984375 0.0123667546875 0.659359728125 0.02408199375 0.65512910625 0.0528913765625 0.6677954578125 0.0609059640625 0.6807538359375 0.0633792015625
2 0.356870446875 0.7434865359375 0.37418014843749997 0.747549159375 0.38743380156249996 0.746854565625 0.39961454375 0.74086375 0.36072132031250004 0.7195575062499999 0.33526652968750004 0.7208915359375 0.31080993281249997 0.7217905906250001 0.279455075 0.7176933703125 0.26094085 0.715310334375 0.2610719796875 0.7178124453125 0.2647661078125 0.73278075 0.28908977343750003 0.7359405765625 0.3161518546875 0.7360530765625 0.356870446875 0.7434865359375