1 0.6333120078125 0.0944321703125 0.6158282140625 0.1016974625 0.5936623875 0.11118171406249999 0.586314484375 0.11915577656250001 0.5895481625000001 0.127213475 0.594268390625 0.1275435453125 0.624841884375 0.11845472500000001 0.6214041906250001 0.11906312187500001 0.6369308828125 0.10741704062499999 0.6333120078125 0.0944321703125
1 0.7349558234375 0.025061570312499996 0.71167068125 0.0286165390625 0.6877242875 0.041627846875 0.6802458109375 0.0497436109375 0.7062994734375 0.057061748437500004 0.7187349859375 0.0579313234375 0.720002934375 0.0577069234375 0.733649209375 0.048177395312499996 0.735172496875 0.026393378125 0.7349558234375 0.025061570312499996
1 0.7533244171875 0.0812223671875 0.7445848078124999 0.0810972546875 0.741901053125 0.0881998859375 0.741090875 0.0924080984375 0.740116953125 0.10633581562500001 0.7426477578124999 0.1140111578125 0.7482234078125 0.11794702812499999 0.769745946875 0.11945202968749999 0.7757524265625 0.11805397656250001 0.777123709375 0.09844372343749999 0.7661032546875 0.091350328125 0.7533244171875 0.0812223671875
1 0.720846925 0.5727606984375 0.7133511390625 0.58194568125 0.7206111546875 0.5870223578125 0.7324974281250001 0.5912802796875 0.741151121875 0.5873163984375 0.7572593999999999 0.5841107671875 0.759131846875 0.5573335421875 0.7556604124999999 0.5540634390625 0.74166240625 0.5582247359375 0.7253115296875 0.56336375625 0.720846925 0.5727606984375
1 0.6297265921874999 0.41979138593750004 0.6268945890625 0.41959335312499996 0.62108635625 0.421130634375 0.6203776609375 0.4312654484375 0.6235799 0.4406538875 0.6262136593750001 0.446549315625 0.6361869125 0.4563847265625 0.653986728125 0.46064570624999995 0.65623981875 0.4608032578125 0.6574655265625 0.44327482968750004 0.6543686375 0.435953334375 0.6459904578125 0.4250872125 0.6297265921874999 0.41979138593750004
1 0.5827856421875001 0.6376720812500001 0.5837545265624999 0.623816396875 0.5781379265625 0.619804965625 0.5755693640625 0.619625353125 0.5563351921875 0.62457635625 0.5396266296875 0.634830496875 0.5329283828125 0.643500121875 0.5270276734375 0.651654390625 0.5384649828125 0.6593212796875 0.5442300609374999 0.6597244140625 0.5549866265625 0.6547517234375 0.571377246875 0.64904435625 0.5816657609375 0.6434814171875 0.5827856421875001 0.6376720812500001
1 0.538389825 0.685290171875 0.5305743046875 0.6894466984375 0.530302090625 0.69333954375 0.5355229828125 0.7045079796875 0.5400697546875 0.7048259203125 0.5693031609375 0.7005877328125 0.574287103125 0.6946538624999999 0.5775088765625 0.6907339890624999 0.5780353734375 0.683204740625 0.574602359375 0.6792555109375 0.5480795109375001 0.677400853125 0.5489565359374999 0.6757488 0.538389825 0.685290171875
1 0.4192881953125 0.8634165234375001 0.4054491609375 0.865304434375 0.3861068421875 0.8696631453125001 0.38116264218749996 0.8750286718750001 0.3812845546875 0.8841752078124999 0.3851412890625 0.885113478125 0.4109443609375 0.8869178046874999 0.42184514999999995 0.881300225 0.42356553906250005 0.8762843546875001 0.42441559062499995 0.8641280546875001 0.4192881953125 0.8634165234375001
1 0.5872092 1 0.5878004125 0.9915452703125001 0.5862486953125 0.9827774859374999 0.586764053125 0.983575025 0.5882186875000001 0.9791077359375 0.5765099109375 0.9668664625 0.5667168874999999 0.9632041515624999 0.5664038031249999 0.963182259375 0.5586792046875 0.9686656234375001 0.553973234375 0.9934660843750001 0.5554229015625001 0.9988979625000001 0.557498809375 1 0.5872092 1
1 0.3333663171875 0.8137327546875 0.3246437015625 0.8077923015625 0.30976070624999996 0.8082745812500001 0.30152435624999996 0.8198826578125 0.3035566890625 0.8398238031249999 0.3073616 0.85075088125 0.3228513859375 0.857926040625 0.3279135171875 0.8590415203124999 0.329069496875 0.8608304562500001 0.331419834375 0.8609948078125 0.337915078125 0.8467791625000001 0.3387538953125 0.8347835203124999 0.338929259375 0.824021265625 0.3333663171875 0.8137327546875
1 0.8889802859374999 0.736832540625 0.8792852281249999 0.7230187031249999 0.8608172515625 0.7148737859375001 0.8538105265624999 0.708219390625 0.85358660625 0.7082037328124999 0.8450896640625001 0.7187625546875 0.8447059765624999 0.7242495250000001 0.846103878125 0.729265325 0.8530062078125 0.7394571203125 0.866887671875 0.7478524421875 0.8841950562499999 0.7399246796875001 0.8889802859374999 0.736832540625
1 0.9157665109375 0.6654395562500001 0.9089039234375 0.654679415625 0.8980139015624999 0.6470643984375 0.881004315625 0.6442619546875 0.87983918125 0.6441804796875 0.8702166046875 0.6525452578125 0.8742864656249999 0.659683359375 0.8817081359375001 0.673338228125 0.8965063640625001 0.6795131515625 0.8990579500000001 0.675693696875 0.898339896875 0.675072359375 0.9157665109375 0.6654395562500001
1 0.9391513984375001 0.7171504703125 0.9340508234374999 0.7084172953125 0.92010710625 0.7036347468749999 0.9146595 0.7161993328125 0.9135757953124999 0.71536205 0.9171157546875 0.7300781093750001 0.9223077640625 0.7456711953124999 0.922383453125 0.7456874625000001 0.9389630796875 0.7468468234375 0.9422299531249999 0.7388279765625 0.942674815625 0.7324661375 0.942440953125 0.727280015625 0.9391513984375001 0.7171504703125
1 0.51227265625 0.391690896875 0.5054754796875 0.3844755390625 0.505084540625 0.38444820156250004 0.487981171875 0.3902766703125 0.47610571406249996 0.39441181406250003 0.45864097812500004 0.40746654062500004 0.4554345578125 0.4118975359375 0.46850559843750006 0.42418087031249996 0.46923583593749996 0.42423193281250005 0.49158653281250003 0.4215635171875 0.503872315625 0.4115604640625 0.5114183031249999 0.40390872031249997 0.51227265625 0.391690896875