1 0.43461141562499994 0.4846511390625 0.4346575890625 0.4825961125 0.43695053125000005 0.4803312796875 0.4418056984375 0.46560042187499995 0.43481232187499996 0.4472011921875 0.425107815625 0.443929215625 0.4170576421875 0.4443511078125 0.40835620625 0.451851209375 0.40989200312499996 0.48115594375 0.424468596875 0.4851827015625 0.43461141562499994 0.4846511390625
1 0.7098526 0.48809108749999996 0.6888009046875 0.495625440625 0.6863814625 0.52107451875 0.6961553890625 0.52570675 0.7053655671875 0.525224065625 0.7132212640625 0.521677609375 0.7139755734375 0.515608965625 0.714944009375 0.511214775 0.7142742578125 0.49843516406250005 0.7098526 0.48809108749999996
1 0.6961500109375 0.6656703171875 0.6861963015625 0.6654820265625 0.6848426609375 0.6655529671875 0.6778042921874999 0.6839152421875 0.6801016093750001 0.697058871875 0.69289695 0.6995530343749999 0.7049093765625 0.6989234890625 0.71117695625 0.6966361171875 0.7132769156250001 0.6883910703125 0.7128736609375 0.6806965140625 0.7099375359375 0.672986559375 0.700511596875 0.6670495046875 0.6961500109375 0.6656703171875
1 0.6454083578125 0.4204058328125 0.653967384375 0.417373003125 0.6590573 0.4006983578125 0.646988378125 0.39088947812499997 0.6344878390625001 0.3870697265625 0.6261722484375001 0.3919804046875 0.6188520109375 0.40877193749999996 0.6208924953125 0.41214545312500006 0.62858669375 0.41671430468750004 0.63794275625 0.4207970890625 0.6454083578125 0.4204058328125
1 0.2916738375 0.6016672796875 0.29721689218749997 0.5953704875 0.2996858703125 0.5888088015624999 0.299503046875 0.585320328125 0.298345140625 0.575750146875 0.288711234375 0.56474844375 0.2760927390625 0.5609086234375 0.2756677359375 0.566870353125 0.27391956875 0.5748415640625 0.2746058234375 0.5879360734375 0.2746447265625 0.5884988421874999 0.27956235 0.6000353734375 0.28866196093749996 0.6018251265625 0.2916738375 0.6016672796875
1 0.3163143984375 0.5179825218749999 0.315906178125 0.5101932265625 0.313326896875 0.5040713765625 0.30518924375 0.501045875 0.296111615625 0.500658621875 0.28355837031250003 0.5039054921874999 0.279877378125 0.5093921859375 0.2800214765625 0.5121417515625 0.282107803125 0.52237175625 0.309775678125 0.52092174375 0.31627433125 0.5191631421875 0.3163143984375 0.5179825218749999
1 0.6569706515625 0.43236446562499997 0.6384438265625 0.43333541562500005 0.6287607390625001 0.44100533906250006 0.6268419296875 0.455032871875 0.6361463374999999 0.4678305640625 0.6529610406249999 0.4669493421875 0.658675975 0.46490398906249997 0.661662046875 0.44990050937500004 0.66147170625 0.44626857343750004 0.6569706515625 0.43236446562499997
1 0.608345846875 0.4774985078125 0.596176215625 0.47138529843750004 0.5828612140625 0.4668480171875 0.5674493468749999 0.48327510937499996 0.5675400046875 0.485004946875 0.5734071843749999 0.5028199921875001 0.5782353265625 0.50372308125 0.59438358125 0.5028767875 0.608456871875 0.493024815625 0.608902965625 0.48812895312500004 0.608345846875 0.4774985078125
2 0.3345586125 0.6724692078125 0.342499446875 0.6452828187499999 0.3462509046875 0.6147466078125 0.3308018875 0.5870995125 0.3306583046875 0.5871070375 0.3225421328125 0.5963576234375 0.314522228125 0.6092707171875 0.307775790625 0.6337174953125 0.3334393109375 0.6511116718750001 0.32197628125 0.674913309375 0.301108371875 0.672437571875 0.3021343984375 0.6920153078125 0.32802231718749997 0.7155460140625001 0.32813918124999997 0.715539890625 0.3345586125 0.6724692078125
2 0.4409668640625 0.6967917734375 0.44457700312500004 0.6665290734375 0.4440105234375 0.6557199890625001 0.4143563375 0.6740931609375 0.41889117656249997 0.698266625 0.4331398703125 0.6975198828125 0.4409668640625 0.6967917734375
2 0.4957602296875 0.6579418890625 0.49259839687499996 0.6492473375000001 0.47377861406250005 0.6475565921875 0.4626237671875 0.65171056875 0.45254163125 0.6763321625 0.45715074375000003 0.6876910359374999 0.46920116875 0.694065346875 0.48409542656250004 0.6932847718749999 0.48847895625 0.6901742671875 0.496852984375 0.6787928890625 0.4957602296875 0.6579418890625
2 0.5552001375 0.81899616875 0.577882884375 0.817807415625 0.596060021875 0.756175615625 0.5988992703125 0.7450749546875 0.5983295734375 0.7342045015625 0.5814580234375 0.7328476968750001 0.56943126875 0.7076001578125 0.5479753515625 0.7194326453125 0.531842315625 0.7434789937499999 0.5222083234375 0.7511226093750001 0.5099271187500001 0.7571118734375 0.5112318359375 0.7820073437499999 0.512111934375 0.7882377359375 0.5286869125 0.8364478312499999 0.5552001375 0.81899616875
2 0.627836128125 0.90910561875 0.627635871875 0.9052844859375 0.611833784375 0.8725657234374999 0.5997406468750001 0.8631649234375001 0.5760439328125 0.85370328125 0.5616708203125 0.8737264343750001 0.5617954953125001 0.8761053765625 0.57414676875 0.9026376078125 0.5783743718750001 0.9355576187500001 0.594378809375 0.9347188624999999 0.610461065625 0.9315071390625 0.627836128125 0.90910561875
2 0.485999078125 0.722410515625 0.4699809421875 0.7232499906250001 0.46122183124999994 0.7263849328124999 0.45870768437500004 0.7357004593750001 0.45876930624999995 0.73687625625 0.4692253875 0.751955915625 0.493520346875 0.7506826703125 0.495410921875 0.7408422671875 0.49502349843750004 0.733449796875 0.485999078125 0.722410515625
1 0.3651711421875 0.19518108750000002 0.374721325 0.2111462953125 0.39279711562499997 0.22398229218750002 0.40413985312499995 0.2233878453125 0.40439529375000005 0.22315115937500002 0.4145452328125 0.18305433437500002 0.41426168125 0.1776438359375 0.37761349375000003 0.169346140625 0.3651711421875 0.19518108750000002
1 0.3047841765625 0.0978998484375 0.27497641875 0.10544400937500001 0.2768242328125 0.10935707343750001 0.28283268906250003 0.12712275 0.30179813437499997 0.1317434015625 0.3024246015625 0.13171056875 0.318934965625 0.12570650781249998 0.3190939296875 0.12319126875 0.3185885140625 0.1135473671875 0.3047841765625 0.0978998484375
1 0.2396640328125 0.133607034375 0.24703681249999998 0.14718348125 0.2602304046875 0.14956831718750002 0.2638473484375 0.1493787609375 0.2698962734375 0.13981020156249999 0.26792655 0.10222564999999999 0.2665044640625 0.102300178125 0.24331440624999998 0.11247142031249999 0.2396640328125 0.133607034375