1 0.06565890468749999 0.3369986546875 0.055021956250000004 0.3370613421875 0.0137025828125 0.338504246875 0.0094320296875 0.36835133125 0.009649378125 0.3745754015625 0.048319890625 0.38913337187499997 0.0566777875 0.3888415078125 0.06565890468749999 0.3369986546875
1 0.0399771859375 0.3230461484375 0.07320402499999999 0.3335435640625 0.076934096875 0.33341330625 0.12087071875 0.2987556796875 0.12085228750000002 0.2982278734375 0.06992233125 0.2868513890625 0.0399771859375 0.3230461484375
1 0.3922416359375 0.43868821562500004 0.431695771875 0.472679640625 0.43419113906250006 0.4725925 0.4432226328125 0.44110861874999996 0.44282065312499996 0.42959742187499994 0.40275734375 0.4039308046875 0.3922416359375 0.43868821562500004
1 0.5168845 0.4014803546875 0.5113499453125 0.378051834375 0.47311672812500005 0.38042908125 0.47329486249999997 0.42920679687499996 0.4733382671875 0.43044973906250006 0.503585734375 0.43420978281249994 0.5130358359375 0.43387977656250004 0.5175305203125 0.4199799609375 0.5168845 0.4014803546875
1 0.2561563046875 0.2234969859375 0.228742246875 0.2604387140625 0.2289083109375 0.265194178125 0.252464425 0.3038318671875 0.25702449843749997 0.30367262500000003 0.274871078125 0.27637847656250003 0.274474428125 0.265019878125 0.2561563046875 0.2234969859375
1 0.2827890625 0.2631210765625 0.32334870625 0.27165093749999997 0.323385025 0.27164966874999996 0.3461519921875 0.2581114671875 0.34596398281249996 0.25272760625 0.3188406640625 0.23115859843750003 0.318825934375 0.2311591125 0.2827890625 0.2631210765625
1 0.48969848125000004 0.4354540796875 0.45429058906249997 0.4344155953125 0.45435225625 0.4361814984375 0.4819407296875 0.478742309375 0.4858557390625 0.4786055953125 0.5155077 0.46183460312499997 0.48969848125000004 0.4354540796875
1 0.744883553125 0.7072917359375 0.7215798859375 0.6912115796875 0.7211134125 0.69122786875 0.7003238546875 0.71844719375 0.70036545 0.7196383359375 0.7134708375 0.7411343671874999 0.717158403125 0.7410055953125 0.745025878125 0.7113673765625 0.744883553125 0.7072917359375
1 0.7477267015625 0.7439374125 0.7077134203125001 0.741726284375 0.7026572921875001 0.7419028484375 0.693233903125 0.7761773671875 0.729182009375 0.8078141750000001 0.7347060859375001 0.8076212703125 0.745378221875 0.79738204375 0.7481624953125 0.7564169125 0.7477267015625 0.7439374125
1 0.8772013265625 0.7973206296875001 0.8610004437500001 0.8260238171875001 0.8730114500000001 0.84500475625 0.8827121953124999 0.8446659984375 0.9060269906249999 0.8390411921875 0.9094963609375 0.809729590625 0.90909310625 0.79818190625 0.8772013265625 0.7973206296875001
1 0.906622178125 0.7562777078125 0.8818141203125001 0.7815744125 0.8819136359374999 0.7844241750000001 0.9263311453125 0.8134371953124999 0.926344796875 0.81343671875 0.9278502296875001 0.798058571875 0.92693096875 0.771734415625 0.9066421578125 0.7562770109375 0.906622178125 0.7562777078125
2 0.43665734375 1 0.485443834375 0.9618460593749999 0.57143196875 0.48605866249999996 0.5710845546875001 0.47611002812500003 0.290140365625 0.4092407609375 0.2893981734375 0.409266678125 0.234770759375 1 0.43665734375 1