1 0.5179962609375 0.3098395453125 0.5099377546875 0.29351109062499997 0.49830189531249997 0.2911697203125 0.49770607031249997 0.29112805625 0.4926707796875 0.3080212859375 0.4923247328125 0.3129699765625 0.49578758125 0.32776982656250003 0.5051209296875 0.3311960203125 0.51356191875 0.331786271875 0.5168172515625 0.326700171875 0.5179962609375 0.3098395453125
1 0.8578432140625001 0.355260365625 0.8556444328125 0.344683803125 0.8484757265624999 0.3357016359375 0.8386990437499999 0.33893446875 0.831538809375 0.35064186406250003 0.831377221875 0.35295265625 0.8334601421875 0.37921678124999997 0.84670031875 0.380142625 0.8512584046875 0.3799565796875 0.857331603125 0.3625767421875 0.8578432140625001 0.355260365625
2 0 0.6064852859375 0.001983103125 0.6109264671875 0.0041289421875 0.615921353125 0.032136409375 0.625481653125 0.03233790625 0.6254957421875 0.046905610937499995 0.612598428125 0.052748703125 0.5990484671874999 0.0339231875 0.5742228890625001 0.032690190625 0.5638513984375 0.019969476562499998 0.5497379796875 0.00477283125 0.54525243125 0.001983140625 0.5450573578125 0 0.5452146421874999 0 0.6064852859375
2 0.1627058421875 0.8290238984375 0.14650411562500001 0.8190788546875 0.1327123109375 0.8382070859375 0.1321531546875 0.846203384375 0.1351044140625 0.861363934375 0.1595867734375 0.8630759078124999 0.159590096875 0.8630751359375 0.1667343515625 0.8532479374999999 0.16740534375 0.8436522890625 0.1627058421875 0.8290238984375
2 0.13660806718750002 0.785741653125 0.13491195625000002 0.7679911921875 0.1299544734375 0.76060331875 0.12210700468749999 0.7600545703125 0.0989794640625 0.764658228125 0.0946567578125 0.7695842328125 0.0935320609375 0.785668140625 0.100512934375 0.7947261296875 0.123237503125 0.7963151859375001 0.13660806718750002 0.785741653125
2 0.34701431562499996 0.877748434375 0.3566441125 0.8701330890625 0.35840825781249996 0.8449046421874999 0.33228969531249997 0.83867861875 0.3180894734375 0.859725484375 0.32670216406249997 0.8763280703125 0.34701431562499996 0.877748434375
2 0.3705894265625 0.8288388296875 0.385377625 0.8506710640625 0.3866171015625 0.8507577375 0.4046495 0.8332053609375001 0.40609164062499997 0.812581778125 0.395945415625 0.8028542562500001 0.3933260046875 0.8026710890625001 0.38030162343749996 0.8061186375 0.3705894265625 0.8288388296875
2 0.033969965625 0.8762203421875 0.0309310375 0.881947053125 0.0246166703125 0.8994920171875 0.034991390625 0.9138833375000001 0.0431331203125 0.9144526640624999 0.052168340625 0.91428791875 0.0551141796875 0.9039352781250001 0.055530082812500006 0.8979875921874999 0.052417934374999996 0.8827149109375 0.0363864515625 0.87638931875 0.033969965625 0.8762203421875
2 0.2921782671875 0.2806772546875 0.2737707984375 0.29187932656250004 0.2770547546875 0.3009249046875 0.28832485625 0.30663826875 0.30655883125 0.3079133125 0.3134678453125 0.307585759375 0.3191564578125 0.3009302859375 0.32542588125 0.286204296875 0.3257462703125 0.2816225125 0.2921782671875 0.2806772546875
2 0.384814334375 0.2866035984375 0.3772781765625 0.29636189062499996 0.3869428171875 0.307269046875 0.3977886328125 0.308027459375 0.40892055781250003 0.30592115625 0.410565215625 0.3006196 0.41120012343749995 0.2915399796875 0.40372138125 0.2808746734375 0.384814334375 0.2866035984375
2 0.350561925 0.19553436562499998 0.3399155984375 0.1868985015625 0.339415303125 0.18686351875 0.326967275 0.19948052968750002 0.32473131875 0.21441317343750002 0.3244653234375 0.218217090625 0.3349052625 0.231579715625 0.338164475 0.23180762187499998 0.34560668125 0.2251744796875 0.3495512609375 0.20998753125 0.350561925 0.19553436562499998