1 0.3780449453125 0.5930519421875 0.38440920625 0.5981717718749999 0.3981355203125 0.600914971875 0.4130898296875 0.5942239687499999 0.43135297812499995 0.583029653125 0.43139278125 0.5807493375 0.4284257375 0.5675111390625001 0.404187071875 0.5670880515625 0.38937439375 0.57156353125 0.37826812187500003 0.580266140625 0.3780449453125 0.5930519421875
1 0.305465284375 0.5200454546875 0.2985534859375 0.5199248078125 0.2952633171875 0.5234137421875 0.29494383750000003 0.541716665625 0.298828325 0.54709123125 0.3220870390625 0.5535591859375 0.3243537984375 0.5535987515625 0.33510384531250004 0.546328253125 0.33527506093750004 0.53651936875 0.33388535625000004 0.530083571875 0.31592886249999996 0.5232787125 0.305465284375 0.5200454546875
1 0.501377203125 0.4625183265625 0.488511990625 0.46968262968749996 0.4903380234375 0.4845520546875 0.5032515984375 0.501469609375 0.517830225 0.5026514796875 0.5329853265625 0.49585930625 0.5361226296875 0.48970754375 0.5363283078125 0.4779243015625 0.5288700125 0.4676050515625 0.511687646875 0.462698296875 0.501377203125 0.4625183265625
1 0.4690574890625 0.44125935 0.47806123593749994 0.4567109578125 0.49629212031250003 0.455374621875 0.5072494859375001 0.4427940546875 0.5076286890625 0.42106952968750005 0.4988198671875 0.41715428593750004 0.4833812359375 0.416884803125 0.47302057968750005 0.426729215625 0.4690574890625 0.44125935
1 0.5093807921875 0.411087675 0.5059935015625 0.41161629531250005 0.5022596312500001 0.4263886390625 0.5019198109375 0.4458569875 0.5150113875 0.45257689375 0.5290244890625 0.4463301015625 0.5370336828125 0.4375133125 0.5372857375 0.42307315 0.5364922265625001 0.41678538125 0.5263053640625001 0.41138309531250006 0.5093807921875 0.411087675
1 0.55058404375 0.385240334375 0.5477705546875 0.38519122499999997 0.5362501609375 0.386713425 0.5295787468750001 0.3970250234375 0.5385461015625 0.41456163124999995 0.548474296875 0.41645826875 0.5526210296875 0.41653065156249997 0.566370128125 0.41435210937500006 0.5687375921875 0.4117816515625 0.5688690421875 0.40425084375000003 0.562965140625 0.39691259375 0.55058404375 0.385240334375
1 0.6312940859375 0.24756545000000002 0.6281521531250001 0.2510881515625 0.6270222015625 0.2548759234375 0.6266232890625 0.277729540625 0.6268366515625 0.2799799234375 0.6373100703125 0.2773807421875 0.6446561359375 0.27028357187499996 0.6447852078125 0.262889040625 0.6426604453125 0.24965376093749997 0.639010834375 0.24770014687500003 0.6312940859375 0.24756545000000002
1 0.604381853125 0.5283560859375 0.6163575609375 0.550553746875 0.6350700875 0.550880375 0.635435409375 0.529951096875 0.6315836218750001 0.523266834375 0.6186666062499999 0.5098850234375 0.6090764515625 0.5097176265625001 0.6039619625 0.512583909375 0.604381853125 0.5283560859375
1 0.07671645625 0.582141721875 0.07672266875 0.58966244375 0.08863111875 0.60046943125 0.103225928125 0.600724184375 0.115571509375 0.5892392937500001 0.11558934843749999 0.5882173171875 0.10652372343750001 0.5711067296875 0.09324983125 0.5679115734375 0.0769698046875 0.5676274046875001 0.07671645625 0.582141721875
1 0.20520969375 0.5542384609375001 0.2042738453125 0.5553459234375 0.1903020078125 0.564588890625 0.1882537765625 0.5756763796875 0.1991965765625 0.5862954359375 0.2195798421875 0.587346471875 0.22358353281249999 0.5787494921875 0.22390999374999998 0.5600464859375001 0.22289479375000001 0.5568153812500001 0.21839730624999998 0.5544686515625 0.20520969375 0.5542384609375001
1 0.945827928125 0.2952989265625 0.9458259390625001 0.29541289531250003 0.9500131703125 0.319704021875 0.9572934140625 0.32203023750000004 0.9590610343750001 0.322061090625 0.9712162828125 0.313377746875 0.9801784625 0.2970005203125 0.9802538343749999 0.29268249218750003 0.975453428125 0.28170205937500004 0.965138125 0.2815220046875 0.959919215625 0.283505521875 0.945827928125 0.2952989265625
1 0.63232826875 0.2203841078125 0.6320046296874999 0.238925375 0.6351235828124999 0.2593813921875 0.648376928125 0.2568306671875 0.6576545671875 0.24308242343750003 0.6592883671875 0.23776644062500002 0.6594914562499999 0.22613142812499998 0.654233525 0.21202288593750002 0.63798039375 0.21173918593750002 0.63232826875 0.2203841078125
1 0.6127876484375 0.2015084203125 0.6181559156249999 0.21272530937499998 0.6282808109375 0.21707330625000001 0.6441297125000001 0.21091315625 0.6444473203125 0.192717475 0.6382673875 0.1898658640625 0.6180219578124999 0.189512478125 0.6129574843750001 0.191778475 0.6127876484375 0.2015084203125
1 0.35635649687500004 0.48159271875 0.351798190625 0.5037694296875 0.3533475546875 0.5191854515625 0.3751690015625 0.519014921875 0.3952078953125 0.52473739375 0.39596360625 0.524750584375 0.4012073046875 0.5009225078124999 0.3860110140625 0.480820196875 0.3766835890625 0.48065738593749996 0.35635649687500004 0.48159271875
1 0.819454978125 0.0710554828125 0.8220178359375 0.08361389531249999 0.8265197109375 0.09133965 0.8393772984375 0.0985161125 0.8524410453125 0.09387773906249999 0.852454765625 0.0938333359375 0.8528637265624999 0.07040402500000001 0.850840675 0.066994565625 0.8242629593749999 0.06653065 0.819454978125 0.0710554828125