1 0.676862096875 0.298368459375 0.6548492703125001 0.313023703125 0.6548402734375001 0.31353916718749997 0.6779455984375 0.3499577265625 0.678677171875 0.34997049687500004 0.7045802343750001 0.3288731546875 0.704588084375 0.32842340625 0.6778023625 0.298384871875 0.676862096875 0.298368459375
1 0.9548119828124999 0.2483189609375 0.9922617546874999 0.2314536328125 0.9925623484375 0.21423262968749998 0.9905394718749999 0.1928893203125 0.987289771875 0.19283259531250002 0.9545440703124999 0.1998418625 0.9548119828124999 0.2483189609375
1 0.6771629671875 0.7339526109375 0.7213587718750001 0.7105693421875 0.7215855453125 0.6975775078125 0.7121561140625 0.6756043796875 0.7085824171875 0.6755420015625 0.68025270625 0.70058276875 0.6771629671875 0.7339526109375
1 0.9936166734375 0.7805347890625 0.9534436124999999 0.814878296875 0.9901984421875 0.8436515421875 0.9931762359375 0.8057674015625 0.9936166734375 0.7805347890625
1 0.8161821328125001 0.8619551421875 0.8170396203125 0.8619701093750001 0.8426653203125 0.833728684375 0.8426681687500001 0.8335655546874999 0.8036991203125 0.8053467859375001 0.800185403125 0.8052854546875 0.7761473015625 0.8199303562500001 0.8161821328125001 0.8619551421875
1 0.54884065625 0.525404975 0.5491478375 0.5254103375 0.557796846875 0.5014012937500001 0.55788590625 0.49629911250000003 0.5218106828125 0.47693963593750005 0.5205302234375 0.4769172859375 0.51014076875 0.50792681875 0.54884065625 0.525404975
1 0.2605026703125 0.666933040625 0.27919071562500003 0.68653035625 0.312405303125 0.682847265625 0.312439296875 0.6808998078124999 0.28772195625 0.6524482890625001 0.27769307187500003 0.65083068125 0.2607888875 0.6505356171875001 0.2605026703125 0.666933040625
1 0.3261859265625 0.9005593828125 0.326170596875 0.9014376859375 0.333595709375 0.9209880874999999 0.3366803578125 0.9210419312499999 0.349693646875 0.920086296875 0.36499673593750004 0.9053152062500001 0.378386196875 0.8852473625 0.39358000312499997 0.86692871875 0.393716003125 0.8591372875 0.39284575781250003 0.859122096875 0.3767088203125 0.8664203234375 0.354413003125 0.8795655578125 0.3362329765625 0.8867673296874999 0.3261859265625 0.9005593828125
1 0.5211047984375 1 0.5292049078125001 0.9944418531249999 0.5395337953125 0.9773281828125 0.5448097703125 0.9623820671875001 0.54677870625 0.953571775 0.5467986812500001 0.9524273328125 0.5400065890625 0.9445159125 0.53267638125 0.9443879640624999 0.525505671875 0.945392553125 0.5188180250000001 0.957416928125 0.5013782609375 0.979669828125 0.49804771875 0.99615375625 0.5014639062499999 1 0.5211047984375 1
1 0.52621690625 0.9052067625 0.51474308125 0.9092125062499999 0.5147215171874999 0.9104478796875 0.520024309375 0.9215277828125 0.5287732140625 0.9374706015625 0.54059583125 0.949707521875 0.5579175000000001 0.9421350578125001 0.5579866328125 0.9381744265625 0.55692785625 0.93345059375 0.5452495468749999 0.9129451359375 0.5342668421875 0.9053472749999999 0.52621690625 0.9052067625
1 0.22766589062499998 0.7331926531249999 0.21629250312499998 0.72789583125 0.2022316015625 0.727650396875 0.20154643593750002 0.7669034609375001 0.2102362421875 0.7840423125 0.2213189359375 0.7952689375 0.2341675640625 0.791481125 0.24071770781250001 0.8005441828125001 0.258732871875 0.8008586375 0.2671539859375 0.797071990625 0.270054615625 0.781357325 0.2702632078125 0.7694070984375 0.270056640625 0.7600110546875001 0.26266234375 0.7528608578125 0.2469995640625 0.7455663343750001 0.22766589062499998 0.7331926531249999
2 0.016133821875000003 0 0.038053515625 0.015179309375 0.0702828453125 0.033342699999999996 0.11288006718750002 0.06224756875 0.13823814843749999 0.0709039671875 0.1724309265625 0.077367746875 0.2241493625 0.087657546875 0.27427297031250003 0.08853245781249999 0.3260859984375 0.093407034375 0.3793174890625 0.11780395625 0.40899730468750006 0.181235021875 0.41843724687500006 0.1947570265625 0.43050254375 0.20904825 0.496420415625 0.262551384375 0.5135367015625001 0.28983806875 0.5312661546874999 0.33238949375 0.5462756625 0.37958701562499997 0.5686681 0.4069657953125 0.5967462625 0.4109761015625 0.6215935546875 0.39850251718749996 0.6476672515625 0.4165584578125 0.67541780625 0.43933723750000003 0.6851317140625001 0.437160009375 0.703311625 0.45390479062500005 0.7220637515624999 0.48826034375000005 0.7381368890625 0.524915959375 0.7456416406249999 0.54851471875 0.765032915625 0.5818111109374999 0.7729340390624999 0.5312294750000001 0.7732185968749999 0.5149271609375 0.7733056546875 0.42506839999999996 0.781489571875 0.0063999921875 0.41483423750000004 0 0.016133821875000003 0
1 0.3154447375 0.77152570625 0.3210182546875 0.7883359515625 0.3313760078125 0.799951946875 0.3502446265625 0.8074024625 0.36492254218750003 0.8076586671875001 0.36520717187499996 0.7913522671875 0.35639336718750003 0.7783979078125001 0.34532135468749997 0.76765375 0.32284506875 0.7672614249999999 0.3154447375 0.77152570625
1 0.248173675 0.5977063390625 0.24813184062500002 0.6001030187499999 0.2528669265625 0.6114674796874999 0.2653627390625 0.61168559375 0.2890356125 0.599801621875 0.2940485265625 0.5706267109375001 0.294171090625 0.563604978125 0.28729813437499996 0.563485009375 0.271980753125 0.56899580625 0.25688831875 0.5769460937499999 0.253268484375 0.5827498515625 0.248173675 0.5977063390625
1 0.1764301828125 0.593026925 0.1904029359375 0.5863395515625001 0.20250554687500003 0.57386763125 0.21342000312499998 0.5613749421875001 0.219479515625 0.5452808421875 0.219537015625 0.541986640625 0.20487223281250003 0.541730665625 0.1898510671875 0.549865778125 0.17834255937500001 0.56234806875 0.1767844890625 0.57272869375 0.1764301828125 0.593026925
1 0.7843110953125 0.4522483796875 0.76792629375 0.43769380468749997 0.7556023625 0.46284506406250003 0.7640153656249999 0.491529065625 0.7738516343749999 0.5067620359375 0.7826519453125 0.5132572468750001 0.8021869374999999 0.517561728125 0.8232767109375001 0.51203421875 0.8233294828125001 0.50901086875 0.8223529171875 0.507361525 0.8133780390625001 0.48921993124999996 0.8001018859375 0.4667925984375 0.7843110953125 0.4522483796875
1 0.5384004140624999 0.29189209374999997 0.5281578296875 0.2754572234375 0.5203392296875 0.2753207484375 0.5053459453125 0.2832602109375 0.5048216140624999 0.3132991515625 0.5125647718749999 0.318776421875 0.5228148953125 0.321926565625 0.535369771875 0.32927668906249996 0.5423671 0.33712399375 0.552554978125 0.343838515625 0.5624347734375 0.34802856718749997 0.563033246875 0.3480390140625 0.5730727171875001 0.34248090468750003 0.5731194562499999 0.3398032296875 0.5727086078125 0.32458021875 0.5650329000000001 0.3101843359375 0.5493807671875001 0.298620446875 0.5384004140624999 0.29189209374999997
1 0.6511561078125 0.2686631734375 0.6462769109375001 0.2757089359375 0.64319195625 0.287019503125 0.6430246359375 0.2966053046875 0.6555996703125 0.3037537328125 0.667310340625 0.29687467500000003 0.6769546390625 0.2893178515625 0.6804020296875 0.2815742859375 0.6808106609375 0.2581638234375 0.6779987203125 0.25619437343749996 0.67096841875 0.256071659375 0.6608107765625 0.26051224687499996 0.6511561078125 0.2686631734375
1 0.6290659171875 0.5192010984375 0.616633428125 0.5327654468749999 0.6166283671875 0.5330553734375 0.635089871875 0.5504662265625 0.653129675 0.562466159375 0.6699478890624999 0.5608121749999999 0.6758834046875 0.5404462062500001 0.675909334375 0.5389606671875 0.6670128 0.5198634625 0.657474240625 0.5105624125 0.6400641890625 0.5102585203125 0.6290659171875 0.5192010984375
1 0.6753322546875 0.5624444796875 0.6602157546874999 0.5652611234375 0.660185721875 0.566981728125 0.6625530562499999 0.5814230203124999 0.668266403125 0.5888224515625 0.6848023640625 0.600892478125 0.7090113671875 0.5975633218749999 0.71731245 0.5842661546875 0.7173482250000001 0.582216625 0.711365853125 0.5742453859375 0.6988638 0.56526748125 0.6873251671875 0.5626538171875 0.6753322546875 0.5624444796875
1 0.8603556625 0.502831721875 0.8523387609374999 0.5158312765625 0.861805803125 0.5313258390625 0.874862971875 0.538970071875 0.8999078984375 0.5394072328124999 0.9057302937499999 0.533319275 0.9061174187500001 0.51114086875 0.899344759375 0.500592440625 0.8871004093750001 0.495817696875 0.8776275109375 0.49565234687500004 0.8603556625 0.502831721875
2 0.625845721875 0.0036832187500000003 0.5802392625 0.00288715625 0.5714876921875 0.009371040625 0.5555557531249999 0.029532140624999998 0.5396111125 0.050422926562500005 0.525702515625 0.06623953593750001 0.5057876203125 0.0914408875 0.4889077546875 0.1101254703125 0.47662762656249996 0.1442197109375 0.47622001562499994 0.16757168281249998 0.484356925 0.2034822796875 0.491584121875 0.23572708750000002 0.49982293125000005 0.26579973125 0.48795041406250006 0.27654205468750004 0.46110673125 0.30819220937499997 0.45072256875 0.3452393796875 0.4559772609375 0.3789097875 0.457461665625 0.42784369843750003 0.47084980156249995 0.43019684375 0.478188740625 0.4303249453125 0.50920751875 0.4199873015625 0.5164803 0.3938352671875 0.5333983765625 0.3729614734375 0.552339834375 0.34774313125 0.57044796875 0.3144805234375 0.569907540625 0.28965213749999996 0.5615286515625 0.2676067671875 0.563985040625 0.238450825 0.568439334375 0.2064098625 0.5747513390625001 0.179511153125 0.5916439437500001 0.160096778125 0.6035801875 0.145705715625 0.6135567421875 0.132010409375 0.631499209375 0.1082346 0.6432364015625 0.0830324875 0.64359279375 0.0626147890625 0.64307343125 0.0587986140625 0.6376402578125 0.035344743750000004 0.62927410625 0.012569639062499999 0.625845721875 0.0036832187500000003
1 0.2614230125 0.83521343125 0.252941134375 0.85562375 0.25293934687499997 0.8557261421875 0.2566884328125 0.8732720390625 0.271774390625 0.8834521140625 0.2930038875 0.891450925 0.30875539375 0.863501309375 0.31102959375 0.851190875 0.3111699390625 0.8431504656250001 0.3072266828125 0.8344873109375 0.2876937484375 0.8260319015625001 0.28631343125000003 0.8260078078124999 0.2614230125 0.83521343125
1 0.21271990000000002 0.6262555 0.2088452421875 0.6271239484375 0.19958755625 0.6330678 0.182065715625 0.63174439375 0.1696511671875 0.6437385875 0.17527245 0.6713112875 0.18726084375000002 0.6837314765625 0.2070350296875 0.6871293578125 0.2314557265625 0.6865380625 0.24865735781249998 0.6642673703125 0.248730675 0.660067046875 0.2412815609375 0.6480416609375 0.2316875109375 0.629557784375 0.22877043281249998 0.6265356640624999 0.21271990000000002 0.6262555
1 0.104711946875 0.57618036875 0.091247259375 0.56787661875 0.08117005625 0.5677007203125 0.0725765078125 0.5817248875 0.0784996796875 0.5920040453125 0.08823584375 0.6023497578125 0.091625446875 0.6065886328125 0.09846824062500001 0.6279677859375 0.1043558703125 0.6402814828125 0.11554642343749999 0.6495631390625001 0.115669875 0.64956529375 0.1235449796875 0.6334933875 0.11787042968749999 0.6089725171875 0.11054636250000001 0.5915458609375001 0.104711946875 0.57618036875
1 0.8426064078125 0.674755921875 0.8317696734375 0.6831965296875 0.8344221328125 0.70612758125 0.850458828125 0.7201382578125 0.8684785015625 0.7356882390624999 0.868555240625 0.735689578125 0.8898404062499999 0.7274166984375 0.8901476531249999 0.7098144828125 0.8803588781249999 0.6977754171874999 0.870465740625 0.6815834765625 0.8513573875 0.674908671875 0.8426064078125 0.674755921875