1 0.6583562109375001 0.337448475 0.6920197953125 0.3126362453125 0.6918417578125 0.3092390921875 0.671553534375 0.287605503125 0.6688926281249999 0.2877449546875 0.641601490625 0.3157344421875 0.6583562109375001 0.337448475
1 0.9819809015625 0.2027925296875 0.9815899921875 0.19533355937500002 0.9734828796875 0.167212528125 0.9251425624999999 0.17086138125 0.9455412234375 0.2088343609375 0.9819809015625 0.2027925296875
1 0.7337686625 0.6614242203125 0.729120253125 0.6616678328125001 0.6902888265625 0.6858218859375 0.7076131546875 0.7194940046875 0.735334915625 0.691310103125 0.7337686625 0.6614242203125
1 1 0.7608993171875 0.99701895625 0.757353609375 0.963805125 0.7990691 0.9835543234375 0.7980340874999999 1 0.7961619796875 1 0.7608993171875
1 0.8349259265625 0.8428265828124999 0.8571857296875001 0.807077971875 0.85645076875 0.7930540703125 0.8444256109375001 0.7761025453125 0.84327095 0.7761630578125 0.80437905 0.81877131875 0.8349259265625 0.8428265828124999
1 0.535660015625 0.5228641781250001 0.5397194562500001 0.5226514328125 0.557058834375 0.4841053296875 0.557045184375 0.48384487031249995 0.5249283375 0.47552516406249995 0.510192325 0.515349996875 0.5102084046875001 0.515656803125 0.535660015625 0.5228641781250001
1 0.2815430953125 0.70913914375 0.29955974531249996 0.70906401875 0.31599604062500003 0.6910390468750001 0.3147429859375 0.6671293578124999 0.3125934515625 0.6553334796875 0.31063811874999997 0.6554359546875 0.2839888546875 0.6820690140625 0.2815430953125 0.70913914375
1 0.3896165640625 0.8739067625000001 0.3751572609375 0.8648462734375 0.374280028125 0.864892246875 0.3552952 0.8736630406250001 0.3554566625 0.8767439296875 0.3573177296875 0.8896588578125 0.373120328125 0.903894290625 0.3940732890625 0.9158512734375 0.4136297171875 0.929889975 0.4217268703125 0.9312500125 0.42246160312500003 0.93121150625 0.4224433703125 0.93086360625 0.4127374578125 0.912864675 0.3980689671875 0.891540134375 0.3896165640625 0.8739067625000001
1 0.5870149140625001 0.9661358124999999 0.5864140921875001 0.95467144375 0.5800136609375001 0.94955350625 0.5730476312499999 0.9499185796875 0.5689916968750001 0.9509748859375 0.5542388140625001 0.9567692578125 0.5374960421874999 0.9676891140625001 0.5242812031249999 0.9884664875 0.5367210765625 0.998761703125 0.537588278125 0.9987162546875 0.5532302046875001 0.9949832703125001 0.574860909375 0.976777515625 0.5866445640625 0.9696742984375 0.5870149140625001 0.9661358124999999
1 0.5573334734375 0.9022381515625 0.5441855796875 0.9091156125 0.54453819375 0.9158438906249999 0.5451879515625 0.9180188515625 0.5582682 0.937659721875 0.5727189484374999 0.9462316171875 0.5887404109375 0.9393498687499999 0.5886478671875001 0.9375840203125 0.5828332953124999 0.9273383578125 0.5729935890625 0.9120446671875 0.5618350624999999 0.9020022328125 0.5573334734375 0.9022381515625
1 0.2445959796875 0.751621675 0.23288080937500003 0.7471311234375 0.2188370390625 0.747867125 0.2208916984375 0.787072365625 0.23075588281249998 0.8035632984375001 0.242594709375 0.8139894859375 0.2551478140625 0.8093146250000001 0.262314209375 0.817898690625 0.2803074234375 0.8169557062499999 0.28844388125 0.8125908546874999 0.2902412453125 0.7967121328125 0.289615725 0.784776465625 0.2887542265625 0.77541771875 0.28087916874999996 0.7688007390625 0.2647457015625 0.762616565625 0.2445959796875 0.751621675
2 0.539195796875 0 0.281606446875 0.0123239921875 0 0.0270823609375 0 0.48552357968750004 0.0023556578125 0.551157659375 0.01234794375 0.6031535640625 0.030565378124999997 0.569200709375 0.0372419734375 0.5453544140625 0.052026053125000006 0.5081601828125 0.06956776875000001 0.47317111875 0.0871522203125 0.4558020671875 0.0969361921875 0.457638959375 0.12387487500000001 0.433905575 0.1493025453125 0.41495067499999994 0.1745700234375 0.42654950312500006 0.20249112500000002 0.421561725 0.2239144140625 0.3934181390625 0.237267609375 0.3457255453125 0.253501240625 0.3025812921875 0.2696548078125 0.27471388124999996 0.333665290625 0.2189428375 0.34522448125 0.20423924843750002 0.35418676250000003 0.19039603125 0.381634784375 0.12596779687499998 0.433982409375 0.0997279828125 0.48559375156250006 0.09304812812499999 0.53565629375 0.09042446093749999 0.5869841140625 0.07833598124999999 0.6209304796875 0.0706828296875 0.6459710125 0.0611467203125 0.6875335171875 0.0307728375 0.7191093203125 0.011495725 0.7345306359375 0 0.539195796875 0
1 0.3341091765625 0.7807973828125 0.33446287343750003 0.787546303125 0.338946125 0.798454178125 0.3500889390625 0.8093193578125 0.37398126249999997 0.8168742328124999 0.385142075 0.8162163203125001 0.3842764453125 0.7996991171875 0.3735418234375 0.7860727 0.3620122265625 0.77635045 0.3389162421875 0.7775608593750001 0.3341091765625 0.7807973828125
1 0.2524884265625 0.6203188625 0.266182775 0.6254715265625 0.28230904218749997 0.6193421875 0.28798293125 0.615522009375 0.29540165625000003 0.6001613078125 0.302285596875 0.5787041578125 0.30223005625 0.5776443875 0.29323210781250003 0.57811595 0.264019403125 0.5841919453125 0.25242061875 0.609459421875 0.252156371875 0.61398288125 0.2524884265625 0.6203188625
1 0.17823408125 0.60753936875 0.1783775234375 0.6102763906249999 0.197281871875 0.60928565625 0.2076017953125 0.6073662578125 0.21967484062499998 0.5954291328125 0.22757278281249999 0.5795459468749999 0.2297595890625 0.5681643015625 0.229635809375 0.5658024484374999 0.22190662187500002 0.56620751875 0.20735014375 0.5722762218749999 0.1952459734375 0.5836200171875 0.1832040265625 0.5961505171875 0.17823408125 0.60753936875
1 0.7818630390625 0.4195131234375 0.7661000703124999 0.4203392265625 0.7503847171875 0.4256544671875 0.7531944765625 0.42972295000000005 0.7634129828125 0.44719429687499995 0.77822125 0.4686408984375 0.7949881265625 0.48204818125 0.8123482937500001 0.4954243546875 0.8209650546875 0.474208615625 0.8203596828125 0.4626574328125 0.812494334375 0.44144742187499997 0.8016194296875 0.42693770000000003 0.7923874734374999 0.421072190625 0.7818630390625 0.4195131234375
1 0.517366334375 0.2769103796875 0.4899360578125 0.2783479390625 0.48711010625 0.2839013578125 0.4871414328125 0.28449910312500004 0.49167373124999997 0.2942266484375 0.498739715625 0.3041739875 0.5068264421875 0.31089318593750004 0.514610246875 0.3231838984375 0.518116196875 0.3333178390625 0.5245058890625 0.3417132859375 0.535227478125 0.34194504375 0.55302770625 0.341012171875 0.5640198515625 0.31837752343750003 0.5640015593750001 0.3180285109375 0.5440824984375 0.306559684375 0.5369750328125 0.2958208375 0.5248719375 0.2805818125 0.517366334375 0.2769103796875
1 0.6718035265625 0.25529395625 0.6717395328125 0.2540729015625 0.6665493328125 0.24718700937500002 0.649078665625 0.248102609375 0.6369670125 0.254009425 0.6297513734375 0.2639115796875 0.623285203125 0.2758551921875 0.6308681375 0.2881730890625 0.6404422609375 0.28767133125 0.651638275 0.284193521875 0.6585094640625 0.27907140468749997 0.66631848125 0.269138153125 0.6718035265625 0.25529395625
1 0.63147965625 0.5067122453125 0.620461821875 0.519714278125 0.621072990625 0.5313760671875001 0.6334659453125 0.5446128921875 0.64779505 0.55601364375 0.6482044765625 0.5559921875 0.664234703125 0.53642266875 0.6731942078125 0.5206712796875 0.67217545 0.501232215625 0.67212388125 0.5009278671875 0.6584321281250001 0.4979555015625 0.6461266375 0.4986004046875 0.63147965625 0.5067122453125
1 0.708140115625 0.5476326359375 0.69362223125 0.53992130625 0.692732815625 0.53996791875 0.684714740625 0.5469104625 0.6766308046875 0.560008328125 0.6746327 0.5729707578125 0.6751276015625 0.5824140375 0.6793204125 0.598562671875 0.681038921875 0.5984726078125 0.6952798984374999 0.5951036671875001 0.7022627640625 0.5888880796875 0.713149896875 0.5715504359375 0.708140115625 0.5476326359375
1 0.8719597578125 0.4695539046875 0.860128475 0.47547112187499996 0.8531275609375 0.48882719375 0.8531443703124999 0.4891479203125 0.8635627328125001 0.5037946734375 0.879577378125 0.5117258015624999 0.900967275 0.5106048046875 0.908455609375 0.5015923234375 0.9075805671875001 0.4848955015625 0.9072557031249999 0.481771596875 0.8988663906250001 0.4705175546875 0.89234399375 0.4684856125 0.8719597578125 0.4695539046875
2 0.6664474390625 0.1735361546875 0.639918284375 0.155427728125 0.6201017359375001 0.13989235 0.5852339296875 0.1300204296875 0.56191040625 0.1312427640625 0.5266548906249999 0.1418648484375 0.4949927703125 0.151323725 0.46556809374999997 0.161640228125 0.454023753125 0.1505459765625 0.420578178125 0.12597548593750002 0.3828968890625 0.11820090000000001 0.3496750484375 0.12579152031250002 0.30096388281249997 0.130685765625 0.29955038125 0.1442054359375 0.2999345296875 0.151535434375 0.312410753125 0.181757534375 0.33900640625 0.1871883265625 0.361009496875 0.20260911093749998 0.3874876984375 0.2197452828125 0.421932440625 0.235489025 0.446662646875 0.2332179734375 0.4680698328125 0.22332168593750001 0.497326103125 0.223738278125 0.5295997296875 0.22594665625000002 0.5568732171875 0.2303669265625 0.57741866875 0.2458641015625 0.5926073078125 0.2567674 0.606965184375 0.26576431562499997 0.6319346765625 0.28200456093750004 0.6601078890625 0.29280370625 0.672087659375 0.2921758734375 0.682057615625 0.2901021078125 0.70507535625 0.2830461109375 0.7272113874999999 0.2731116265625 0.7436184859375 0.26542715625 0.7498766046875 0.25225745312500003 0.7493447468750001 0.24210900624999998 0.72637121875 0.21524285468749998 0.7051478703125 0.20075609062500002 0.6831957359375 0.1863075609375 0.6664474390625 0.1735361546875
1 0.333985378125 0.8961380875 0.338506678125 0.8852086031249999 0.334500584375 0.8670884093750001 0.3177832453125 0.8397055390625001 0.2968458359375 0.8484403765625 0.282124346875 0.8591407437499999 0.278978315625 0.8768720203125 0.28818426874999997 0.8970109328125 0.31410391875 0.9055813875000001 0.333985378125 0.8961380875
1 0.1809230484375 0.6857682171875 0.181153353125 0.6901626796875 0.1931384390625 0.700959171875 0.210603421875 0.6990250687499999 0.22006290312500001 0.7046422125 0.2304441578125 0.7065912390625 0.238526915625 0.7061676390625 0.24280631718749998 0.7014126734375 0.25174944843749997 0.682605228125 0.2571660546875 0.6731381453124999 0.25668050781249996 0.66387334375 0.24226766249999998 0.6465019437499999 0.19644313124999999 0.64890350625 0.184968446875 0.6616534625 0.1809230484375 0.6857682171875
1 0.11688650781250001 0.6297488718750001 0.1262556796875 0.619069675 0.1288997609375 0.6140867906249999 0.1283360984375 0.6033314625 0.12273875625 0.59487435 0.11267383125 0.5954018296875 0.099507140625 0.6041704328125 0.0942125296875 0.6197301828125 0.0875011046875 0.637401828125 0.08268577656250001 0.6621058015625 0.091116984375 0.6778930796875 0.0912402859375 0.6778866171875 0.10210009843750001 0.6682200703125 0.1075543984375 0.6557084 0.11364690468750001 0.634103459375 0.11688650781250001 0.6297488718750001
1 0.863242815625 0.6483801890625001 0.852488534375 0.6497036984375 0.8445200453125 0.6725353140625 0.8607117765625001 0.6900254609375 0.8752735921875001 0.7055634203125 0.8982832421875001 0.70741398125 0.9076145468749999 0.6945302109375 0.907461409375 0.69160819375 0.8985448406250001 0.6686851921875 0.8820174984375001 0.659363171875 0.8672268421875 0.6481713953125 0.863242815625 0.6483801890625001