1 0.6454346890625 0.57080881875 0.6651270078125 0.5545011734374999 0.6464334593750001 0.5176211890625 0.6406344546875 0.5174186828125 0.6259209343750001 0.52800309375 0.625815890625 0.5310111453124999 0.642983153125 0.570723209375 0.6454346890625 0.57080881875
1 0.73490754375 0.548852915625 0.697271221875 0.5816329796875 0.697215065625 0.583241103125 0.72119205 0.6218562234375 0.721693609375 0.6218737375 0.746798309375 0.5960481734374999 0.7469068562500001 0.5929398109374999 0.7353434421875 0.5488681375 0.73490754375 0.548852915625
1 0.6900848078124999 0.5515871171875 0.6901795468749999 0.5515904265625 0.732174903125 0.522322125 0.7322453234374999 0.5203055812499999 0.71097185 0.51205765625 0.702623553125 0.511766128125 0.66514715 0.5377143281250001 0.6900848078124999 0.5515871171875
1 0.59324543125 0.639206765625 0.6137815609375 0.670466909375 0.6556682484375 0.6537007890625001 0.655746128125 0.65147063125 0.63555019375 0.629809709375 0.6276773296875 0.629534784375 0.593267909375 0.6385630859375 0.59324543125 0.639206765625
1 0.0060988515625 0.6090016671875 0.0337317828125 0.62130138125 0.0364816421875 0.621397409375 0.058848778125 0.5969207453125 0.059110304687500004 0.5894315953125 0.0354956359375 0.5760228421875 0.021590515625 0.575537265625 0.001163709375 0.5845050625 0.0060988515625 0.6090016671875
1 0.3784422 0.6303640203125 0.385434190625 0.6306081859375 0.403930759375 0.6084103296875 0.3884747515625 0.5742780734374999 0.3846294609375 0.5741437921875 0.3685169875 0.5950635109375 0.3682431828125 0.6029042312499999 0.369415484375 0.627182490625 0.3784422 0.6303640203125
1 0.8688466421875001 0.375875659375 0.8759884093749999 0.4201332578125 0.8942663375000001 0.4355954625 0.8946952390625 0.435610440625 0.9093266375000001 0.41246693125 0.8962420046874999 0.3668725484375 0.8948961375 0.36682555 0.8688466421875001 0.375875659375
1 0.5504774984374999 0.3528847109375 0.5505721640625 0.35017386250000004 0.5035206 0.3285148890625 0.4595275359375 0.3488061765625 0.5202704687499999 0.37948590000000004 0.5504774984374999 0.3528847109375
2 0.1494585 0.4178277625 0.148905103125 0.43367496406250006 0.17118353125000002 0.47800754687499997 0.17236030625 0.47804864062499997 0.1853651421875 0.4661367921875 0.185904834375 0.45068200156250005 0.17511363124999998 0.40110138281249996 0.1651776921875 0.4007544125 0.15155398125 0.40511377031249995 0.1494585 0.4178277625
2 0.45638214374999997 0.7483251046875 0.47500895625000006 0.723164234375 0.47513935625 0.719430096875 0.4532350328125 0.689108125 0.4518002984375 0.6890580234375 0.4222970640625 0.7420681296875 0.45638214374999997 0.7483251046875
2 0.299320640625 0.70021349375 0.323259559375 0.6810993 0.3233040359375 0.679825665625 0.276132284375 0.661035228125 0.2690025421875 0.6607862515625 0.2537494359375 0.678641425 0.299320640625 0.70021349375