1 0.21641739062499998 0.7929221140625 0.19317229062500002 0.7948058203125 0.189102984375 0.816386678125 0.210490484375 0.8352736937499999 0.21350975781249998 0.8351682578125 0.226525909375 0.8207250265624999 0.22636120937499998 0.816008603125 0.21641739062499998 0.7929221140625
1 0.2581908046875 0.9616519562500001 0.272927425 0.9539029265625001 0.2806172265625 0.9392862093750001 0.28050138593749996 0.93596893125 0.2631475890625 0.9272763156250001 0.254465621875 0.9275794953125001 0.24006055312500002 0.9394765828124999 0.239043171875 0.9517153687500001 0.23919452031250002 0.9560494484375001 0.2581908046875 0.9616519562500001
1 0.20389050000000003 0.2548522875 0.215686384375 0.2559963609375 0.22345311875 0.2482216390625 0.2194192046875 0.2247798859375 0.20735687500000002 0.2016184921875 0.1971777484375 0.19944775625 0.19378759843749999 0.1995661421875 0.1849924140625 0.20978974374999998 0.1854556 0.22305365 0.188295153125 0.2312264703125 0.20389050000000003 0.2548522875
2 0.2702013484375 0.5282307421875 0.273113840625 0.5243157796875 0.2749047203125 0.5173893984375 0.27738731875 0.503877440625 0.2649969203125 0.4956184875 0.2585293734375 0.49436126874999997 0.24995980156250003 0.494660525 0.240587765625 0.50346116875 0.241267375 0.5229225984375 0.24781479375 0.5274872187499999 0.2702013484375 0.5282307421875
2 0.33039593906250003 0.2742956203125 0.32616192499999996 0.262246725 0.311835334375 0.2631323859375 0.3074756171875 0.2698504796875 0.30842695625 0.29709328749999997 0.31013123125000003 0.305495034375 0.323222275 0.30910346718750004 0.3301659484375 0.28954952968750003 0.33039593906250003 0.2742956203125
2 0.398284275 0.5045344390625 0.4071523484375 0.5080525984375 0.4410975125 0.50686720625 0.441483728125 0.4900608046875 0.4277255515625 0.47907209375 0.401116953125 0.4800012859375 0.3965243375 0.48324167031250004 0.3948118421875 0.487490365625 0.39516957812500003 0.49773459999999997 0.398284275 0.5045344390625
2 0.4156307328125 0.6701305468750001 0.42482033281250003 0.6713349453124999 0.43686922812500006 0.66710093125 0.44516408749999997 0.6592618953125 0.4468438234375 0.6561581953125 0.44634311093749995 0.6418196515625 0.44272269687500004 0.638020528125 0.4187037796875 0.6388592859375 0.41459333593750003 0.6404233921875 0.4099806984375 0.6532410343749999 0.41015728906250004 0.6582979625000001 0.4156307328125 0.6701305468750001
2 0.4123491203125 0.5721460734375 0.421015515625 0.57079273125 0.4352463359375 0.5683102843750001 0.43701061093750004 0.5606221625 0.43372572187499997 0.5538730296875001 0.4254715359375 0.5503480171875 0.4142364203125 0.549898503125 0.403449584375 0.5502751875 0.39402398125000004 0.5544718203125 0.39441774375 0.5657477 0.40479223124999997 0.5724099671875 0.4123491203125 0.5721460734375
2 0.3761936609375 0.2993970015625 0.372979896875 0.31001942968749996 0.37301221406249996 0.31094489062499997 0.3878149328125 0.326433725 0.3956094046875 0.33124349531249997 0.41157011250000003 0.3296697609375 0.41688966406250005 0.313830921875 0.416833890625 0.3122337703125 0.4135889640625 0.3001238796875 0.40130035937499997 0.2923805921875 0.38649682812499997 0.2928975421875 0.3761936609375 0.2993970015625
2 0.498571590625 0.82112709375 0.5126791625 0.81897166875 0.5197091453125 0.80968570625 0.5193262015625 0.7987196328125 0.51583359375 0.7915435343749999 0.505523078125 0.7843554687500001 0.491141403125 0.7848576875 0.48370369375 0.7944489765625 0.48412575156250004 0.8065351375 0.48494896093750006 0.809400396875 0.498571590625 0.82112709375
2 0.586786809375 0.6606259609375 0.5960364328125001 0.6603029578124999 0.6009967453125 0.6586233453125 0.6098311828125 0.6516700109375 0.6054341125 0.640164746875 0.604073175 0.63029778125 0.6019631140625 0.629332825 0.579932665625 0.6301021453125 0.5673852984375001 0.6388057 0.5674526890625 0.6407355328125 0.57449635625 0.656498140625 0.586786809375 0.6606259609375
2 0.541596709375 0.597287778125 0.5449740015625 0.5986686296875 0.5511016718749999 0.5984546468749999 0.5719715265625 0.593939146875 0.5745382203125 0.5801217703125 0.5702115921875001 0.5726463468749999 0.5699070921875 0.57260450625 0.55057779375 0.5732795 0.5388278171875001 0.581139375 0.5342843140625 0.5863459359375 0.5345539375 0.5940669296875 0.541596709375 0.597287778125
2 0.571398040625 0.45582534375000006 0.5676478031250001 0.4672371796875 0.5676509140625 0.467326246875 0.5725201078125 0.47626596875000005 0.584920365625 0.481931278125 0.5959208031250001 0.46935046406250003 0.5969002015625 0.454259303125 0.5968930265625 0.45405384375 0.5945564265625001 0.4521194015625 0.59338845 0.45139868281249995 0.580290540625 0.451856071875 0.571398040625 0.45582534375000006
2 0.5158040421875 0.35965306875 0.530104559375 0.35293274375 0.535661521875 0.3386317921875 0.5312857109375 0.32252234375 0.5230333109374999 0.31783517968749997 0.5207668703125 0.317914325 0.5142269796875001 0.336331096875 0.513223090625 0.341402721875 0.5137573703125 0.356702528125 0.5158040421875 0.35965306875
2 0.5735542437500001 0.264103840625 0.586844271875 0.266766821875 0.5950184562499999 0.266481371875 0.6025239265625 0.2608271390625 0.604492 0.247770446875 0.6021957234374999 0.2402240921875 0.59080833125 0.2279150875 0.5864586078125 0.228066984375 0.5784215546875 0.2288519125 0.5658567796875 0.23686330312499998 0.5663874843750001 0.2520606953125 0.5735542437500001 0.264103840625
2 0.5359410203125 0.320387846875 0.54446914375 0.3261432859375 0.5627859265625 0.326520025 0.572776515625 0.3068596875 0.5724220156250001 0.2967081484375 0.5642375937499999 0.2807317015625 0.5564251609374999 0.2775828 0.5433607671875 0.27803901875000003 0.5412795765625 0.2784842828125 0.5393488843750001 0.288715621875 0.53523390625 0.300138725 0.5359410203125 0.320387846875
2 0.47196690781250006 0.5531045203125 0.46617485 0.5611170765625 0.46667374375000004 0.575403525 0.4762456359375 0.57856085 0.490976078125 0.5818220171874999 0.4963730234375 0.581633553125 0.5022043843749999 0.574928140625 0.5037381062499999 0.5622739265625001 0.5037216578125 0.5618028984375 0.49729255625 0.5506948203124999 0.4949973359375 0.5502051734375 0.47793611406250003 0.5508009656249999 0.47196690781250006 0.5531045203125
2 0.6258869515625001 0.41854109062499995 0.63903078125 0.41655678749999997 0.639646921875 0.40509550625 0.6334460171875 0.3980480015625 0.6209486 0.393546040625 0.6113543578125 0.388233203125 0.5982265 0.38869163906250004 0.59003898125 0.3920939 0.5903548453125 0.401139059375 0.594124596875 0.41126109062499994 0.6258869515625001 0.41854109062499995
2 0.34329056874999997 0.0880306203125 0.3455018640625 0.0879534 0.3540522109375 0.08683711718750001 0.36650520000000003 0.0721728265625 0.3694925609375 0.0514018734375 0.3558215828125 0.04225290625 0.34776765468750004 0.042534156249999996 0.3384450796875 0.054857621875 0.3376397859375 0.05912518906250001 0.33839986875 0.0808911125 0.34329056874999997 0.0880306203125
2 0.28810334375 0.0242927984375 0.2835398703125 0.024452159374999997 0.27024693593750004 0.031003946875 0.268367278125 0.045362553124999996 0.26899521718749997 0.0633444 0.285815628125 0.0693555328125 0.30814913593750004 0.0685756296875 0.3155943328125 0.0546259109375 0.315319840625 0.046765476562500005 0.312293909375 0.041738098437499996 0.30267863125 0.0283460984375 0.296508 0.026273632812499996 0.28810334375 0.0242927984375
2 0.24313385156249998 0.03966619375 0.249156753125 0.03742311875 0.25184912656249997 0.027165179687500002 0.23930708125 0.0174392390625 0.2315835078125 0.0146597453125 0.2184485296875 0.0097952671875 0.21083130625000002 0.0100612671875 0.200167240625 0.0104336640625 0.20267348749999997 0.016685759375 0.22097302187499998 0.038407315625 0.233231465625 0.0400119921875 0.24313385156249998 0.03966619375