2 0.93671875 0.921875 0.046875 0.0328125
1 0.91328125 0.2453125 0.0375 0.0359375
1 0.9390625 0.14140625 0.0515625 0.0359375
2 0.7625 0.0578125 0.0578125 0.0375
2 0.4691408 0.93597769375 0.4690038890625 0.9398982828125 0.47800614374999995 0.9432524421874999 0.480956609375 0.943355475 0.499653846875 0.90421280625 0.5154419421875 0.8746003734375 0.5456240203125 0.8271300937499999 0.5654093515625 0.8238866125 0.615651121875 0.76531356875 0.6072669171875 0.751906134375 0.6240831828125 0.7210181625 0.6513728765625 0.68716129375 0.6514029203125 0.6863009765625 0.6292254390625 0.6723455640625 0.6010544296875 0.704476375 0.573386025 0.7362968296875 0.55615808125 0.7789736296875 0.54407091875 0.8152726546875 0.4997017078125 0.84650990625 0.47116420937500003 0.9032179265625 0.4691408 0.93597769375
2 0.69296875 0.559375 0.03125 0.03125
2 0.7991111671875 0.64959245625 0.80023885625 0.6496318359375 0.8213560140625 0.6390522984375 0.821358359375 0.63898515625 0.79557056875 0.60845256875 0.791248978125 0.60830165625 0.7805353859374999 0.6149159609375 0.7804941921874999 0.6160955703125001 0.7808684796875001 0.6166327359375 0.7991111671875 0.64959245625
2 0.56796875 0.6453125 0.0203125 0.021875
2 0.57109375 0.725 0.028125 0.028125
2 0.20200114375 0.5787104375000001 0.21399505468750002 0.5746146390625 0.216920403125 0.5471759859375 0.20269365781249998 0.5333945015625 0.2019004984375 0.5333668031250001 0.192223090625 0.5502479359375 0.189663671875 0.5672076734375 0.199414384375 0.57862010625 0.20200114375 0.5787104375000001
2 0.0723881703125 0.4403870859375 0.0642780453125 0.44010387343749996 0.060557239062500004 0.4584539859375 0.059291090625 0.4947117203125 0.059548621875 0.497583146875 0.06119329531249999 0.5068208265624999 0.063979303125 0.5397048375 0.0722262828125 0.557041878125 0.0823923859375 0.5757574453125 0.08707785625 0.5778241328125 0.10688600781249999 0.5785158499999999 0.10763850781249999 0.5569670515625 0.09546198125000001 0.5394927265625 0.0771622375 0.528361990625 0.072707671875 0.5150917234375 0.07549579687499999 0.4915826765625 0.0789461625 0.47727706718749996 0.0786041171875 0.4589045625 0.0723881703125 0.4403870859375
2 0.16988613749999998 0.6057311015625 0.1745512203125 0.60076086875 0.184649721875 0.5932447125 0.1760961234375 0.5878654984375 0.1745994125 0.58781323125 0.16204545312500002 0.5966682734375001 0.16185195624999998 0.602209303125 0.16486058750000002 0.6055556046875 0.16988613749999998 0.6057311015625
2 0.7146474390625001 0.89081911875 0.7054194359375 0.8855557171875 0.7054171265625 0.8856218171875 0.7236168828125 0.9068558937500001 0.747615446875 0.9291352140625 0.7755707203125 0.9472644499999999 0.7923040203125 0.9592842218750001 0.8147480125 0.971503284375 0.8375409859375 0.9737286953125001 0.8694150328125 0.98193598125 0.8696823609375001 0.9819453156250001 0.8776400203125 0.9682024078125 0.8776483734375 0.9679631875 0.8512647921875001 0.9627725093749999 0.8265184171875 0.961908346875 0.8059779671875 0.9497557562500001 0.7912978359375 0.9335195593750001 0.7821289953125 0.92319340625 0.7636416953125 0.9068242609375 0.746758853125 0.8990875218750001 0.7146474390625001 0.89081911875
1 0.35 0.2484375 0.040625 0.04375
2 0.57890625 0.7546875 0.0390625 0.0296875