1 0.8658270312499999 0.5291832109375 0.8647773687500001 0.5592416421874999 0.8847994234375 0.58446286875 0.904645828125 0.5530286046875 0.9047613140624999 0.5497215046874999 0.8858785515625 0.522855890625 0.8783573453125 0.52259324375 0.8658270312499999 0.5291832109375
1 0.0892665234375 0.3352628046875 0.09937361875 0.3318694875 0.10046392500000001 0.30064723125000004 0.0771647375 0.2947957078125 0.0628394796875 0.32597881093750003 0.0892665234375 0.3352628046875
1 0.46155002187500005 0.9558343328125 0.46626826406250005 0.9883235203125 0.49091850312499996 0.9839171296875 0.49212294375 0.9494264765624999 0.48488942812499997 0.94661764375 0.4742589875 0.939994684375 0.4685766046875 0.9397962515625 0.46155002187500005 0.9558343328125
1 0.326195303125 0.884793709375 0.3099370140625 0.8968484203125 0.31263526875 0.9153370875 0.33270343593749996 0.915201746875 0.3543412640625 0.9103212468749999 0.3545042203125 0.9056547703125 0.3521241484375 0.889718175 0.3350186984375 0.8851018296875001 0.326195303125 0.884793709375
1 0.315126709375 0.8755467921875001 0.3275753359375 0.878210771875 0.343714328125 0.8709719 0.34575450625 0.836489459375 0.3207795 0.8333879734374999 0.315126709375 0.8755467921875001
1 0.1446584546875 0.646852590625 0.1387144484375 0.635911609375 0.132094378125 0.6356804312500001 0.123487646875 0.6403054640625 0.1114651484375 0.6733247234374999 0.1016577390625 0.6969329796875 0.10163587031250002 0.6975592203125001 0.1210066296875 0.7033350406250001 0.1397417 0.67765601875 0.1443520234375 0.6556276359375001 0.1446584546875 0.646852590625
1 0.762320021875 0.5591652484375 0.75416435625 0.5557791875 0.7236131234375 0.5547123140625 0.703723140625 0.5759598968749999 0.70345643125 0.58359744375 0.704389225 0.601892353125 0.72687029375 0.6108137921875 0.7615310734375 0.6128378609375 0.7726268515625 0.6059025796874999 0.7766635328125 0.5914770609375 0.7770334765625 0.5808832703125 0.7761002921875 0.5685965359375 0.762320021875 0.5591652484375
1 0.5913686859375 0.6145997546874999 0.5859385390625 0.6140061609374999 0.576295425 0.613669415625 0.5711366531250001 0.618252171875 0.5601778875 0.64836733125 0.5600934640624999 0.6507848765625 0.562674603125 0.6522800765625 0.5643270984375001 0.6523377828125 0.5898452296875 0.641698059375 0.5905129890625 0.6391036796875 0.5913686859375 0.6145997546874999
1 0.8763567171875 0.46623909374999994 0.8547811812500001 0.46548565937499997 0.8525094078125001 0.48332787499999996 0.8522277234375 0.491394290625 0.852675271875 0.49883362656249997 0.8656984328125 0.5020222109375 0.8750231953125001 0.5023478390625 0.88020188125 0.48759030625 0.8766035499999999 0.46631001093749996 0.8763567171875 0.46623909374999994
1 0.25793020625 0.805800671875 0.2567521671875 0.8057595328125 0.2554599609375 0.8065576906249999 0.25145225312499997 0.8281249234375 0.25735230625 0.8356724281250001 0.26725092500000003 0.8417009578125001 0.283533628125 0.8337299046875 0.2841242234375 0.8168174859375 0.271599334375 0.810377390625 0.25793020625 0.805800671875
1 0.4757272765625 0.031022959375 0.4763664171875 0.0127203578125 0.47439970468750003 0.003491603125 0.47038909375 0.0033515499999999996 0.45730572968749994 0.0073983703124999994 0.449920759375 0.020103651562499998 0.44984741718750004 0.022203889062500003 0.45254931562499995 0.040038221875 0.4590656234375 0.0474977484375 0.46499182968749997 0.0477046953125 0.47037475000000006 0.047414871875 0.4757272765625 0.031022959375