1 0.37421875 0.6390625 0.0546875 0.05625
1 0.40859375 0.53125 0.0671875 0.0671875
2 0.48046875 0.5734375 0.0609375 0.0515625
1 0.43984375 0.2109375 0.034375 0.0359375
1 0.27890625 0.253125 0.05 0.0515625
1 0.190625 0.5484375 0.05 0.025
1 0.33515625 0.55625 0.0421875 0.0421875
1 0.25625 0.60234375 0.0375 0.0375
1 0.20078125 0.66640625 0.028125 0.0328125
1 0.14296875 0.559375 0.028125 0.0265625
1 0.88359375 0.61953125 0.059375 0.0421875
1 0.5140625 0.29921875 0.0609375 0.0375
1 0.7265625 0.38671875 0.0546875 0.028125
1 0.40078125 0.90859375 0.0296875 0.0234375
2 0.51875 0.5296875 0.0421875 0.034375
2 0.92890625 0.47109375 0.0765625 0.0375
2 0.8342802171875 0.7557601703125 0.8344283828125001 0.7578790453125 0.850817190625 0.8012524953125 0.8785114437500001 0.8163047750000001 0.8969544968750001 0.8150151109375001 0.8969060609374999 0.8474517796875001 0.8976878328125 0.87519706875 0.9164802703125 0.89691466875 0.9186483375 0.8967630625 0.9449968375 0.83945561875 0.9538854499999999 0.7677897406249999 0.9760206046875 0.7199086390625 0.9773177656250001 0.6961493671875 0.9770448593750001 0.692246625 0.9260247906249999 0.7172269265625 0.8591980093749999 0.738888759375 0.8342802171875 0.7557601703125