1 0.6138083046875 0.5155582484375001 0.6148701171875001 0.5265517015625 0.6193387984375 0.5353934359375 0.63279624375 0.5356283375 0.6402629609375 0.5210088359375 0.6433145453125 0.511442640625 0.6480542015624999 0.48779736875 0.6386721515625 0.474291246875 0.6328384921875 0.4741894203125 0.6309532296875 0.475955525 0.6226259609375 0.48478831875 0.6140588078125 0.501206940625 0.6138083046875 0.5155582484375001
1 0.776976675 0.4786854140625 0.78552116875 0.48615084218750004 0.81116524375 0.48659846093750003 0.8208488890625001 0.48292132499999996 0.8300424468750001 0.47058181875000005 0.82833725625 0.45805206875 0.8106863921875 0.4476017453125 0.7936922484375 0.4473051109375 0.7919706375 0.44732115156249996 0.7789892046875 0.4562291375 0.7772461875000001 0.4632451265625 0.776976675 0.4786854140625
1 0.57444725625 0.3006018640625 0.5816941359375 0.287572484375 0.58222834375 0.2569677453125 0.5792167046875 0.24780054218749997 0.549126853125 0.2448714796875 0.5400759140625 0.24904038437499998 0.5374444046875 0.252840615625 0.5322487265625 0.2639972625 0.5321349796875 0.2705138828125 0.542459271875 0.2961973484375 0.5517510671875 0.30838354218749997 0.5547901203125 0.3084365890625 0.57444725625 0.3006018640625
1 0.46373184062500006 0.3395714140625 0.46371061718749995 0.34078737187499997 0.4640099421875 0.3466986078125 0.4667146203125 0.3570065875 0.4743933828125 0.357781909375 0.49080169375000005 0.3542205421875 0.4981169578125 0.33929184375 0.4981309125 0.3384923921875 0.4947965609375 0.3280079921875 0.480901375 0.32776545156250003 0.47487457343750006 0.3302145296875 0.46373184062500006 0.3395714140625
1 0.1770669953125 0.273019003125 0.1951586171875 0.27333479375 0.198153178125 0.2708584 0.2038427953125 0.25431220625 0.19862419375 0.243873884375 0.19536891875 0.24308182500000003 0.1707824921875 0.2426526671875 0.163198084375 0.24505504218750002 0.1545010171875 0.261998646875 0.1585355171875 0.271516521875 0.1770669953125 0.273019003125
1 0.61096425 0.40990646249999996 0.611761596875 0.408880703125 0.6109340109375 0.4116387890625 0.6100637828125001 0.46149415312500003 0.6166618765625 0.4701622078125 0.6175562578125 0.47017781875000003 0.638068225 0.46719405937499997 0.6426184703125 0.45416826875 0.6431506828125 0.4236778296875 0.63810458125 0.400832653125 0.6339970593750001 0.40076095624999997 0.6166219390625 0.403758653125 0.6113683953125 0.40655966250000003 0.6109744906250001 0.4093197046875 0.61096425 0.40990646249999996
1 0.7119163562499999 0.8702073515625001 0.7165843859375001 0.8702888328125 0.72108924375 0.8686115875 0.723005225 0.8546966890625001 0.7173653734375 0.8423237015625 0.707485653125 0.8332243203124999 0.7036319484375 0.8317293921875001 0.6939758921875 0.83156084375 0.6926319921874999 0.834329065625 0.6923832875 0.8485773484375001 0.6965257609375 0.8620455484375 0.7119163562499999 0.8702073515625001
1 0.278507275 0.1236785640625 0.294644521875 0.11635895 0.2949416046875 0.0993391 0.29013498125 0.089166515625 0.2753058359375 0.0860147359375 0.26153559843749996 0.085361109375 0.2492986546875 0.0903523671875 0.24914514843750002 0.099146715625 0.25022518125 0.10169463906250001 0.2544825609375 0.110447696875 0.26478030937499997 0.120546025 0.278507275 0.1236785640625
1 0.5075598968749999 0.15642297031250002 0.5082478984375001 0.16085941406249998 0.518883928125 0.1671089828125 0.5261686453125 0.1703283703125 0.5280517953125 0.170361240625 0.533718771875 0.1695729984375 0.5430773906249999 0.15430091562499998 0.5458737140625 0.1361579375 0.5435679828125 0.126194909375 0.5387989078125 0.117806425 0.5255959609375 0.11757596562499999 0.519317296875 0.1186051609375 0.509603253125 0.130563453125 0.5078774359375 0.13823118437499998 0.5075598968749999 0.15642297031250002
2 0.34070110468750003 0 0.3258874640625 0.013993114062500001 0.31440548281249997 0.0437052796875 0.311658284375 0.115447521875 0.3111363171875 0.1453509953125 0.3102178390625 0.1814626390625 0.308299075 0.29138851250000003 0.319382584375 0.27245725 0.3586697890625 0.2485482140625 0.38412393906250003 0.21775048125000002 0.3977377609375 0.1800988328125 0.44562103906250006 0.17761101875000002 0.45957004687499997 0.1778545 0.488464484375 0.17835885468749998 0.5048927921875 0.17931035 0.53039278125 0.1744376671875 0.54567455 0.15542740156249998 0.561783421875 0.1302353796875 0.56190430625 0.123309925 0.5608878796875 0.0832380421875 0.5482251953125 0.06639891249999999 0.536107084375 0.0469103828125 0.4815972984375 0.0293408078125 0.46053285 0.000797671875 0.414834265625 0 0.34070110468750003 0
2 0.48291086875 0.494214475 0.48278095781249997 0.5016570953125 0.48595004062499997 0.527003640625 0.4927623109375 0.5505202390624999 0.49935834687499997 0.5864201718750001 0.4989740796875 0.608434840625 0.48815472031249996 0.6371491 0.50523388125 0.6635976203125 0.499355871875 0.7047851359374999 0.49590116718750005 0.725369890625 0.4927105703125 0.7308195421875 0.4898310296875 0.7775647390625 0.5079656921875 0.8026553406250001 0.5165076843749999 0.8109149828125 0.518447828125 0.8109488484374999 0.5293162078125 0.7617378984375 0.5592057593749999 0.763635965625 0.579955853125 0.757116475 0.592622028125 0.74082150625 0.6008357625 0.694941628125 0.6028674546875 0.6267643625 0.6082651234374999 0.6130952078125 0.6122242203125 0.5636161937499999 0.6084344374999999 0.5442813015625 0.5835355437499999 0.4929222015625 0.5561413390625 0.4662936578125 0.5368790859375 0.4466886921875 0.5404058421875 0.42197619375000006 0.53406821875 0.374012884375 0.5325375734375 0.3739861671875 0.50192936875 0.38001446875 0.49420446875 0.40878268906250004 0.4904855796875 0.444502575 0.48291086875 0.494214475
2 0.8904708031249999 0.590593490625 0.8472917828125001 0.6696673468750001 0.8155542171875 0.7145324796875 0.7973056765625001 0.7465049609375 0.7972425078125001 0.750123875 0.9731025671875001 0.7648105468749999 0.9829348328125 0.76498216875 0.988774246875 0.7216850484374999 0.9610450046875 0.6551368578125001 0.9936442609375 0.5998958359375 0.9936609531249999 0.598939559375 0.965144965625 0.57062865625 0.9563090140625 0.5704744234375 0.9245103125 0.5911876515625 0.8904708031249999 0.590593490625
2 0.4239974 0.2488963875 0.407195978125 0.276565746875 0.3812250015625 0.2953367890625 0.3738980125 0.314433196875 0.38523030468749997 0.3329814828125 0.41960838437500003 0.3667873046875 0.45497759843749996 0.3438110765625 0.46365279531250003 0.31425223281250003 0.46320422812500006 0.273174209375 0.4682006625 0.25403712343749996 0.4873478890625 0.225534821875 0.55635685 0.21188424218750002 0.5666917296875 0.22080296875 0.5932941625 0.232627171875 0.5903169484374999 0.20286486875 0.55923629375 0.18047652812499998 0.539731990625 0.16265941718750002 0.514584459375 0.13425776875 0.49961915 0.12351057812499999 0.449635375 0.115647415625 0.41837183125 0.1037419203125 0.39014663125000004 0.11810438281249999 0.39669591875 0.143559871875 0.4104197125 0.15865455781249999 0.36362671875 0.16832381875 0.3460289890625 0.1890148078125 0.345913915625 0.19560741718750002 0.355537365625 0.231098571875 0.3811880875 0.2306724875 0.413830384375 0.230368440625 0.4239974 0.2488963875
2 0.1901700140625 0.0953953015625 0.1879982203125 0.110613071875 0.187892071875 0.116694303125 0.2079657375 0.1271773265625 0.23583849375 0.132326196875 0.26178468593750004 0.1357524953125 0.269630565625 0.135889446875 0.28825250625 0.13324108750000002 0.2653781109375 0.0920456234375 0.254245446875 0.079029659375 0.23545572187500002 0.0453138140625 0.22680681875 0.0451628484375 0.19169443125000002 0.058122571874999994 0.1888136078125 0.0638995109375 0.1884197171875 0.086465509375 0.1901700140625 0.0953953015625