1 0.453234271875 0.706470765625 0.47060593281249996 0.7103317671875 0.489419925 0.6958599375000001 0.4944439640625 0.6737740125 0.49591636250000004 0.6336169796875 0.47713101093750004 0.6326286328124999 0.46798219999999996 0.6331081015625 0.451304321875 0.6559949484375001 0.44552833437499995 0.6846815578125 0.44611620468749996 0.6958987999999999 0.453234271875 0.706470765625
1 0.9063912671875001 0.756518225 0.9249308171875 0.7651961828125 0.9283312968749999 0.765017971875 0.9270611578124999 0.7277607765624999 0.9116953515624999 0.7075718453125 0.89828330625 0.7028709906249999 0.8925188000000001 0.7031730953124999 0.8914211359375 0.7139486500000001 0.892358375 0.7318322171875 0.9044656828125 0.74707631875 0.9063912671875001 0.756518225
1 0.94221395625 0.7094723953125001 0.9342810593750001 0.685565003125 0.91590024375 0.680805178125 0.9023899234374999 0.6779362859375 0.901476028125 0.6776693578125 0.892673284375 0.678130690625 0.8935423796874999 0.6947140140625 0.8937705875 0.6955573203125 0.904911940625 0.7078503734375 0.9209238171875 0.7220344109375 0.94221395625 0.7094723953125001
1 0.6806978484374999 0.878960625 0.7073496109375 0.865659259375 0.70317363125 0.8533121546875 0.691717265625 0.83671705625 0.6833169078125 0.8299205796875 0.6696032640625 0.8306392812500001 0.6668753640625 0.8340507828125 0.6663210296875001 0.8373511125 0.6678979640625 0.8674408031249999 0.6806978484374999 0.878960625
1 0.22051412343750001 0.7787869953125 0.227992928125 0.7802448156249999 0.2314321015625 0.7800645765625001 0.25157867968750003 0.7766277828125 0.270865003125 0.76605545 0.240012453125 0.7498866578125 0.2382895171875 0.749976953125 0.217879271875 0.7555523671875 0.21498413125 0.7639148296875 0.21534225937499998 0.77074831875 0.22051412343750001 0.7787869953125
1 0.278569065625 0.7232696187500001 0.286726403125 0.744731171875 0.3015479109375 0.7538745796875 0.3219599234375 0.7379245609375 0.324101471875 0.7179719578125 0.3121734015625 0.6930880125 0.3082384625 0.6931131781250001 0.2959050796875 0.6937595437499999 0.2839376140625 0.7016536343750001 0.2793180515625 0.7047300859375001 0.2781299671875 0.7148911296875 0.278569065625 0.7232696187500001
1 0.2545966796875 0.5942563421875 0.2550606765625 0.5961721484375 0.27782488125000004 0.592910365625 0.2975367859375 0.5755228781249999 0.31162885 0.560612646875 0.31077707656250003 0.544359815625 0.299541421875 0.542822903125 0.2970370875 0.541929721875 0.286242084375 0.5424954640624999 0.27130559375 0.5513885265625 0.2573616640625 0.5691253421875 0.2540307296875 0.5834573984375 0.2545966796875 0.5942563421875
1 0.0416338 0.5834784375 0.0432884234375 0.583391721875 0.0591906140625 0.57422449375 0.0657072078125 0.555632078125 0.0710520734375 0.538504928125 0.056187220312499994 0.538905684375 0.0340855359375 0.5400639859374999 0.027805907812500003 0.5590222609375 0.027550207812499998 0.566055284375 0.023888353125 0.567651125 0.0416338 0.5834784375
1 0.3229128671875 0.3751920953125 0.3268390171875 0.385285553125 0.341585259375 0.3888289265625 0.3491334546875 0.378506109375 0.3547975671875 0.3631026 0.353134459375 0.34340924687499996 0.3386231921875 0.34416975 0.32655069531250003 0.3550873375 0.32728628125000003 0.35677526875 0.322859946875 0.37418230937499997 0.3229128671875 0.3751920953125
2 0.437993153125 0.409370984375 0.4349821109375 0.43841437499999997 0.41572450937500005 0.45634610468750003 0.4128632296875 0.479366915625 0.4130792859375 0.4834895125 0.44507020624999993 0.494887615625 0.4868860578125 0.47666436875 0.489428584375 0.4475613296875 0.4891411 0.44207580156250004 0.45012664999999996 0.4100103578125 0.46088315 0.41122791875000003 0.45259128125 0.40860592812499996 0.437993153125 0.409370984375
2 0.411536490625 0.25465164375 0.4007106421875 0.247826471875 0.379033015625 0.2571765265625 0.3643248921875 0.2702683171875 0.34718935 0.27116635312500004 0.3484851 0.29589072656250004 0.34941893125 0.3030839421875 0.3799942859375 0.299017428125 0.40465646250000004 0.287868096875 0.41972484374999997 0.3051492171875 0.43548009062500004 0.3355365734375 0.45498882968750004 0.3435495890625 0.4862510578125 0.3525894015625 0.494891203125 0.35295797812499996 0.531478590625 0.346112140625 0.53211149375 0.3581886453125 0.533623615625 0.3581093984375 0.5460018921875001 0.3412440171875 0.5534829328125 0.31949558749999996 0.55789346875 0.29790810625 0.5366842609375 0.28094881250000003 0.5268589921875 0.2814637328125 0.49926820000000005 0.283731153125 0.49134104531249995 0.27346842968749996 0.48041261406249997 0.24118525000000002 0.4677708 0.21145608125 0.4415783015625 0.20577933593750003 0.438008753125 0.2059664078125 0.44793534687500003 0.22070959375000002 0.4377404328125 0.23767184531250002 0.4255744609375 0.25227317656250003 0.411536490625 0.25465164375
2 0.8505893531250001 0.515396353125 0.8316905718750001 0.514619634375 0.7837062421875001 0.5136001125 0.7570498812500001 0.5297233015625 0.75268154375 0.5446204296875 0.753058265625 0.5518087109375001 0.7783162781249999 0.545691165625 0.7975676421875 0.5382027296875 0.8171716171875 0.522449140625 0.8345647640625 0.5244828421875 0.83253865 0.545794728125 0.8559850921875001 0.543387875 0.8638350171875 0.5282502890624999 0.8882637546875 0.5145999984375 0.9039944390624999 0.4849122921875 0.9186505046875 0.46470561562499996 0.9469048593749999 0.4490877140625 0.9686609484375 0.4444132515625 0.9608081078125 0.42950957343749996 0.9578008421875 0.43164687031250004 0.926514409375 0.43484110625000005 0.8944483296874999 0.4376996953125 0.8848353984375 0.41881050468750003 0.8769828015625001 0.41922204062499996 0.854560228125 0.4262420734375 0.851028525 0.44881094531250004 0.8532282609375 0.475791884375 0.8505893531250001 0.515396353125
2 0.8367794671875 0.268079034375 0.8125089328125 0.3219964015625 0.8108161687500001 0.34026671249999996 0.8114105796875 0.35160876874999997 0.8289071453125001 0.36513915625000004 0.8554238140624999 0.36532098749999997 0.869641846875 0.3331457625 0.8820725796875 0.3230652296875 0.900447340625 0.3252452703125 0.9086017859375 0.31224586875 0.9090207078124999 0.3033886890625 0.908139875 0.28658140312499997 0.9015078859375001 0.27804453281249997 0.899076053125 0.276600496875 0.8573396609374999 0.2670015203125 0.8367794671875 0.268079034375
2 0.7500311765625 0.37462764375 0.76154585 0.37750922187499997 0.7857005578125 0.367537609375 0.79699720625 0.3615045234375 0.814906409375 0.3431545875 0.8015283515625 0.34025029375 0.786726484375 0.3410260265625 0.777438675 0.348382853125 0.762380765625 0.35189253125 0.7488767703125 0.35260024687499997 0.7500311765625 0.37462764375
2 0.5598745609375 0.4482670296875 0.5616131359375001 0.4814410171875 0.5677303218749999 0.49685834843750004 0.577632915625 0.502174740625 0.584411425 0.514657271875 0.591733628125 0.4874308765625 0.59010618125 0.487948278125 0.5936987828125 0.45815107812500006 0.5945562765625 0.4400220640625 0.5932502375 0.41510134687500005 0.5883948125 0.39679483437499996 0.5816526546875 0.397148175 0.5766278125000001 0.3995250546875 0.5649429859375 0.4269800859375 0.5603179578125 0.43889319843749997 0.5598745609375 0.4482670296875
2 0.91405939375 0.5858392046875001 0.9038796 0.569749509375 0.865471709375 0.57176238125 0.8277496937500001 0.5868629249999999 0.8215091109375001 0.604010603125 0.8217040890625 0.6077310109375 0.8404651828124999 0.6290669656250001 0.8669599140625 0.6224290015625 0.893180375 0.6105559781250001 0.91405939375 0.5858392046875001
2 0.6128779328125 0.8908455921874999 0.6063726593750001 0.8780629046874999 0.5828872546875 0.8530464859375 0.5524435546875 0.851142328125 0.53032295625 0.86961011875 0.5306726609375 0.8762828875 0.5533624109375 0.9132126140624999 0.5889188515625 0.9235979046875 0.6107381640625 0.9092811749999999 0.6128779328125 0.8908455921874999
2 0.42010668906250004 0.7055813984375 0.41636569687499997 0.7232756140625 0.38371075781249997 0.7459847203125001 0.3789888125 0.7672299890625001 0.34240997812499996 0.8041433187499999 0.3198283140625 0.8238735671875 0.3198807609375 0.8248743203125001 0.3556948828125 0.8349437546875 0.44261542499999995 0.7787689328125 0.4679006125 0.7713193984375 0.496881071875 0.745303215625 0.522669203125 0.747451296875 0.5527263546875 0.764249184375 0.582916390625 0.7390444406250001 0.5975437765625 0.7286538796875 0.632139965625 0.7207164421875001 0.643250746875 0.6877625203125 0.6302351953125 0.6668501796874999 0.5549832421875001 0.6707939671875 0.5230514734375 0.68793756875 0.49488980937499993 0.6850389203125 0.45205503125 0.691658334375 0.42010668906250004 0.7055813984375
2 0.31789993125 0.5378273953125 0.347938940625 0.545831553125 0.34952751718749997 0.5318160234375 0.348925575 0.53141219375 0.34450720156250003 0.5246776140625 0.3259381109375 0.513895390625 0.302054471875 0.505679953125 0.2950237828125 0.506048415625 0.2943702734375 0.5172363734375 0.2944779734375 0.5192914171874999 0.3047937921875 0.531548121875 0.31789993125 0.5378273953125
2 0.35830186406250003 0.45213711874999996 0.35437149687499997 0.4679202546875 0.3543861265625 0.46819940000000004 0.3577093015625 0.4823684703125 0.3698996875 0.48960718124999997 0.370751771875 0.489562525 0.37873262812499997 0.4847513375 0.38066075625 0.48000409218750006 0.3808122390625 0.4649014 0.380474165625 0.45845059375 0.372791196875 0.44615079062499996 0.3661064859375 0.44443129062500003 0.3650541296875 0.4444864421875 0.35830186406250003 0.45213711874999996
2 0.8261310453125 0.689485959375 0.8423324750000001 0.6924144578125 0.8508024015625001 0.664897784375 0.8463735953124999 0.6570874890625 0.8259799328125 0.6581562765625 0.8168127921874999 0.6647903203125 0.811321215625 0.6783106984375 0.8114500265625001 0.680768546875 0.8261310453125 0.689485959375
2 0.74015233125 0.5252585140625 0.756523271875 0.509915240625 0.763924946875 0.50094346875 0.7671287687499999 0.49380119218749996 0.7694507109375001 0.48348614687499997 0.7730317015625 0.46988617499999996 0.7704140625 0.46090297031249994 0.769894015625 0.463811015625 0.7302805125 0.4597873359375 0.718359821875 0.47811632656249997 0.709041428125 0.49148050000000004 0.6790648953125 0.5132698921875 0.679215065625 0.516135325 0.6803852874999999 0.518197415625 0.6891328890625 0.5349067015625 0.70628890625 0.5345441171875 0.74015233125 0.5252585140625
2 0.52681365 0.30179180156249996 0.510989859375 0.32158152812499996 0.5119138921874999 0.339213125 0.5146935734375 0.348658903125 0.5308752515624999 0.357897796875 0.5638296359375 0.3662577953125 0.5805739078125 0.3754214046875 0.5872400171875001 0.37507205 0.612941590625 0.362002684375 0.6458279578125 0.3476704796875 0.6441826109375001 0.33766976875 0.6424932859375 0.3268307328125 0.6618935390625 0.2905096640625 0.705948015625 0.2688419828125 0.705782959375 0.2656925296875 0.6744727953125 0.23100979375000003 0.64698169375 0.26271147968749997 0.6242907468750001 0.279031134375 0.6005255234375 0.29624759218749996 0.59541370625 0.262892278125 0.5942034546875 0.21840492500000003 0.5532033296875001 0.2077525375 0.5433669828125 0.20826803906250002 0.547747284375 0.2519410328125 0.5390455859375 0.278455109375 0.5499878328125 0.294693259375 0.52681365 0.30179180156249996
2 0.7529333140625 0.236401240625 0.786963375 0.22652412187499998 0.798787715625 0.2048252671875 0.7986651250000001 0.2024861125 0.7819393984375 0.1948453421875 0.764187896875 0.1935660171875 0.7604133625 0.19376383125000002 0.72414559375 0.2045988546875 0.7292772421875 0.21693862187500002 0.7512891109375001 0.236487409375 0.7529333140625 0.236401240625