1 0.5472743671875 0.37630391093750004 0.5508808890625 0.3853213765625 0.5511326328124999 0.39253038125 0.5582835625 0.394776834375 0.5670001515624999 0.39447244375 0.5768100078125 0.385962584375 0.5852969328125 0.37432396562500003 0.5840210515625001 0.35993293125000003 0.5815600187500001 0.355894415625 0.5789731140625001 0.348251403125 0.5696504484375 0.3470302875 0.554948415625 0.35785482968750004 0.55008969375 0.362664509375 0.547044446875 0.369719840625 0.5472743671875 0.37630391093750004
1 0.6119571828125 0.43933550468749993 0.6141247859375001 0.4423531515625 0.6251405859375 0.44776848437499994 0.6331955312499999 0.45157204218749997 0.634005234375 0.45154376718749994 0.6477704828124999 0.44620489531249996 0.6503610640625 0.43180773125 0.64655426875 0.42614065312499994 0.6404854609374999 0.41475255468750005 0.6315968078124999 0.4111962765625 0.62258255625 0.4112928921875 0.6154955125 0.41154037812500005 0.6121778640625 0.41612774375 0.610333928125 0.42237881718750003 0.6119571828125 0.43933550468749993
1 0.6443406140625 0.366488953125 0.6470846515625001 0.37135094999999996 0.6647638453125 0.3707335796875 0.665077940625 0.35132920156249997 0.6664911359375 0.3482375375 0.6660989921875 0.33700801875 0.6647988125000001 0.3322633484375 0.655610603125 0.32381974375 0.65515819375 0.3236728953125 0.6357921375 0.324349171875 0.633876521875 0.3436543140625 0.6358169046875 0.3549288015625 0.6443406140625 0.366488953125
1 0.0414645046875 0.62160150625 0.04167273125 0.6275643546875 0.051767931249999996 0.63228975625 0.056694315625000005 0.634302959375 0.0581061765625 0.6342536562500001 0.0728935 0.631938703125 0.07895126875 0.628247153125 0.083680184375 0.620227015625 0.0836290375 0.618762340625 0.0690352078125 0.6100333859375 0.06853376562499999 0.6104375640625 0.05560510625 0.60940145 0.0549560546875 0.6094241140625 0.051541115625 0.6110309609375 0.0414645046875 0.62160150625
1 0.36961950312499997 0.48725901250000003 0.3711569421875 0.48730132187499997 0.3820234671875 0.48692185468750004 0.3854634328125 0.4756615421875 0.384757028125 0.4699737 0.3755351640625 0.46762989375 0.3666625328125 0.466834128125 0.3390555421875 0.46779818593750006 0.333355359375 0.47369232187500004 0.3334071328125 0.4751749140625 0.347291165625 0.48765790156250005 0.358422128125 0.48650753125 0.36961950312499997 0.48725901250000003
2 0.5905647296875001 0.7019338171875 0.5919906187499999 0.6976860984375 0.5881784015625 0.6899481140625 0.581121334375 0.6907192921875 0.567842775 0.696677540625 0.5684258796874999 0.7133754546875 0.572675815625 0.7193502140625 0.5741550875 0.7209841421875 0.5780601515625 0.720847775 0.5905647296875001 0.7019338171875
2 0.627578296875 0.8535754703125 0.6286018484375 0.8505263125000001 0.63048775625 0.834052559375 0.630407853125 0.8317644578125 0.6225401515625 0.8234514765625001 0.6171873296875 0.8159457625 0.6081288515625001 0.816262090625 0.6018487015625 0.8198228750000001 0.6023594125 0.8344477343750001 0.6026309484375 0.8393642 0.6091864546875 0.8488191281249999 0.610163871875 0.8522196624999999 0.6162641078125 0.8539705703125 0.627578296875 0.8535754703125
2 0.5297858078125001 0.810496596875 0.54592065 0.821739821875 0.565946321875 0.824188953125 0.564596134375 0.81557788125 0.559094315625 0.80829245625 0.5510818000000001 0.804243146875 0.5367114328125 0.7984480828125 0.54722091875 0.7988681953125 0.5490153421875 0.7901473109375 0.5369335515625 0.78978210625 0.53136060625 0.79548649375 0.5168230265625 0.7999297125 0.5297858078125001 0.810496596875
2 0.6221506296875 0.7802827453125001 0.6414972515625 0.7669218703125 0.6390165031249999 0.7559889453124999 0.635789534375 0.7537403015625 0.642940946875 0.7429511171875001 0.6429197171875 0.74234315625 0.63264741875 0.738894915625 0.61893841875 0.7370123125 0.611889253125 0.745523140625 0.6142190109375 0.7521322265625 0.617542065625 0.7571324046875 0.6172787671875 0.7646191531250001 0.6111125984375 0.77170625625 0.6113055593750001 0.7772319484375 0.6182758484375 0.78041805625 0.6221506296875 0.7802827453125001
2 0.5557433015625 0.6420409140625 0.5462545671875 0.6407980453125 0.5407802015625001 0.634298771875 0.5301059984375 0.6291617453125 0.5226038578125001 0.624701059375 0.5071872546875 0.6159664046875 0.49777796875 0.616294984375 0.486193771875 0.6188885328125 0.49297714687500005 0.632819646875 0.49845151249999997 0.6393189234375 0.4829917640625 0.6323812328125 0.46051030156249995 0.634740525 0.4578640140625 0.63652583125 0.45799192812499995 0.6401887734375 0.472424878125 0.645344015625 0.4758851984375 0.6542749546875 0.4756905359375 0.6637270859375 0.486535015625 0.6661961640625 0.494049925 0.6659337375 0.49635261249999996 0.6543473265624999 0.4902992390625 0.6462940515625 0.48904513749999995 0.6404345109375 0.50282276875 0.6442824984375 0.507320059375 0.6378285609375001 0.51538748125 0.6434501703125 0.5196626546875 0.6456622109375 0.536722159375 0.6533311484375 0.5503488 0.6528552953125 0.5557433015625 0.6420409140625
2 0.43289528125 0.6024043031249999 0.45542893749999996 0.6016174109375 0.4625897 0.600491665625 0.47240347656250004 0.5975237640625 0.4723538609375 0.5961029359375 0.46602034999999997 0.5888615125000001 0.44585310468749995 0.5790146109375 0.42366639531250005 0.58458536875 0.4154259640625 0.58531595 0.4155242265625 0.5881298296875 0.4183866 0.5981984875 0.43289528125 0.6024043031249999
2 0.6475995796875 0.6077283718750001 0.64756390625 0.606706840625 0.6392232734375 0.5929409406249999 0.64147691875 0.5842294781249999 0.630033021875 0.5779822875 0.626526690625 0.5781047312500001 0.6043662671875001 0.5836070171875 0.60309825625 0.58697695625 0.603665996875 0.6032348953125 0.6131492296875 0.61018076875 0.64498109375 0.609069175 0.6475995796875 0.6077283718750001
2 0.5983012453125001 0.4959413421875 0.610963953125 0.503942315625 0.6358919609375 0.5030718109375 0.6406217453124999 0.4992594578125 0.6422936890625001 0.48936611562500004 0.64218380625 0.486219496875 0.635481846875 0.48025502500000006 0.630944140625 0.47849509375 0.614742825 0.47234648281249997 0.5995816546875 0.47767190312499996 0.5948972312499999 0.4864445703125 0.5950603875 0.4911167609375 0.5983012453125001 0.4959413421875
2 0.88907888125 0.222297378125 0.8865053843749999 0.21727153437500002 0.8762899687499999 0.21315201562500002 0.8716344843750001 0.21799292499999998 0.8718825625 0.2250969296875 0.8809200515625 0.2302917828125 0.890336303125 0.22996296093750002 0.8908012203125001 0.22959937031250002 0.8907320953125 0.2276199203125 0.88907888125 0.222297378125