2 0.5288234953125001 0.6275793296875001 0.5643422359375 0.6049962156250001 0.56377595625 0.5725540453125 0.56253231875 0.557404575 0.5020374484375 0.52254493125 0.4619686703125 0.51426546875 0.45102470468750006 0.610554634375 0.4510749984375 0.6134360203125 0.518672921875 0.6528223875 0.525022846875 0.65271155 0.5288234953125001 0.6275793296875001
1 0.4235689984375 0.152596790625 0.4141533921875 0.1412445515625 0.3963513359375 0.1334936890625 0.38071239375 0.1415817328125 0.380592471875 0.1547865203125 0.3918951484375 0.15808461406250002 0.40241673593750005 0.15790095937499998 0.4235689984375 0.152596790625
1 0.9628945890624999 0.36190159843749997 0.9687418531249999 0.335125540625 0.9553052171875 0.3244098625 0.9392089 0.331429371875 0.9306333390624999 0.35263745625 0.939107890625 0.368879040625 0.9467419937500001 0.36874578593749996 0.9628945890624999 0.36190159843749997
2 1 0.9553290296875 0.9806263375000001 0.909773615625 0.976353909375 0.8798355656249999 0.9327524328125 0.8524597953124999 0.8935750562500001 0.81000048125 0.8484581421874999 0.7495121765625 0.8108932843750001 0.6920184640625 0.7646536859374999 0.620920328125 0.720212696875 0.5723002562499999 0.6702000124999999 0.5267249015625 0.56011671875 0.530701075 0.5610558953125 0.595780296875 0.5626295765625 0.685936428125 0.7499900578124999 0.828138340625 0.8354604390624999 0.8910485421875001 0.9074616593749999 0.9610717515625 0.9509867265624999 0.9840720218750001 0.9682629859375 0.9886344578124999 0.9937704421875001 0.9914536437500001 1 0.9822324640625 1 0.9553290296875
2 0.458998134375 0.5757271140625 0.46203946562500003 0.563472428125 0.46133873281250004 0.5233275093749999 0.45227080781250006 0.4869589515625 0.4325781203125 0.48730268906249996 0.4012100515625 0.517384871875 0.380891553125 0.4818760125 0.35777722343749996 0.480604175 0.3514931703125 0.48071386406250005 0.3371609828125 0.502329134375 0.30132640624999996 0.506868584375 0.30132712968750003 0.50690998125 0.3199327765625 0.5363837328125001 0.3433764515625 0.5359745218749999 0.4046122859375 0.5510794171875 0.45494767812500003 0.575797815625 0.458998134375 0.5757271140625
2 0.5581175015625 0.7880920875 0.6021945796875 0.7621153625 0.646980703125 0.683832409375 0.6469272390625 0.680769403125 0.629959515625 0.6417992671875 0.6024134937500001 0.66717866875 0.597560078125 0.7115653609375 0.5699552890625 0.742285103125 0.5372568249999999 0.749887921875 0.5055451765625001 0.7602863515625 0.5552938421875 0.788141375 0.5581175015625 0.7880920875
2 1 0.72655845625 0.9990550828125 0.7098825515625 0.9716329125 0.7094462609375001 0.9396102515625 0.6970035828125 0.9086608625 0.6956965609375 0.8770333656249999 0.6962486203125 0.8818037015625 0.7356490124999999 0.945181675 0.7810750421875 0.9853147984374999 0.8173266671875 1 0.8254169750000001 1 0.72655845625
2 0.50436339375 1 0.5087262031249999 0.999923846875 0.5073287875 0.9198659640625 0.498777046875 0.9204163624999999 0.471409009375 0.9391646921874999 0.463924778125 0.9546592421875 0.4361486765625 0.9741956125 0.4361648171875 0.9751202765625001 0.4567593859375 0.9884188437500001 0.46610004375 1 0.50436339375 1
2 0.636593615625 0.8122752484375001 0.641215378125 0.8011830828125 0.6411776484375 0.7990215578125001 0.631898184375 0.786139015625 0.6126900140625 0.77849170625 0.6127382875 0.7812573109375001 0.61588725 0.7961860015625 0.61617825 0.81078256875 0.6244137515625 0.8275660703125001 0.6265838828125 0.8275281906249999 0.636593615625 0.8122752484375001
2 0.3567608953125 0.4360177125 0.39522066875 0.40612341250000006 0.3952009125 0.40499153281250005 0.3140550578125 0.352820496875 0.2790525234375 0.37331264062499997 0.2487803 0.3990653328125 0.2487868078125 0.399438175 0.27462204687499997 0.42152663593749995 0.323446740625 0.460887821875 0.32620333437500004 0.46083970625 0.3567608953125 0.4360177125
2 0.2522546078125 0.5074498875 0.1860945109375 0.4428943421875 0.159657821875 0.43677624843749996 0.1594266453125 0.4367802828125 0.1318620484375 0.4699923734375 0.13196383125 0.475823503125 0.148801409375 0.500979659375 0.1930910921875 0.508482590625 0.2522546078125 0.5074498875