1 0.40154475625 0.354815546875 0.390523690625 0.34154821874999997 0.36713052031250004 0.3571086296875 0.36810006562500003 0.3851269609375 0.40410399531249996 0.387013846875 0.4061894828125 0.3792790453125 0.406938825 0.3649807296875 0.40154475625 0.354815546875
1 0.44134561562499997 0.5782875578125 0.45867803125 0.5724386859374999 0.46393689531250004 0.56116601875 0.46428463124999997 0.5545307953124999 0.452525609375 0.546523684375 0.43997237031249997 0.5434832671875001 0.43846102499999995 0.5434040609374999 0.41551585312499995 0.5491907546875 0.40753132968749994 0.5626614187500001 0.40748935937499997 0.563462246875 0.4151886359375 0.576916728125 0.44134561562499997 0.5782875578125
1 0.2478909953125 0.2351438 0.24842317656250001 0.22498919375 0.2375384765625 0.2166700546875 0.216326640625 0.21843697343750001 0.2012452125 0.227780315625 0.2010795265625 0.2309418015625 0.21347058593749998 0.24402840937499998 0.23932147812500001 0.245383196875 0.24310463124999998 0.24478813437500002 0.2478909953125 0.2351438
1 0.49922661562500004 0.82540548125 0.5065438109375 0.8257889593750001 0.526614975 0.7982462109374999 0.5267671921875 0.795341715625 0.49542178124999997 0.7847305125 0.469153528125 0.7864936328125001 0.44073463281249997 0.7744913765625 0.44063127656249995 0.774485959375 0.44056115937499996 0.77582388125 0.4432955203125 0.78042883125 0.45885348125 0.8032225390625 0.49922661562500004 0.82540548125
1 0.21288697499999998 0.3035865203125 0.2247727125 0.2881494234375 0.22624442656250002 0.2600674703125 0.22061482968749999 0.2534805046875 0.2178499859375 0.2533356046875 0.1969513328125 0.2571488296875 0.1903222453125 0.276539825 0.188554621875 0.2879093921875 0.1877270515625 0.30370037499999997 0.2104025359375 0.304888746875 0.21288697499999998 0.3035865203125
1 0.26244782031249997 0.40295439218749995 0.2626365484375 0.40160976875000004 0.26308895625 0.392977321875 0.25928957812500003 0.3875283796875 0.2317412625 0.36771529531249997 0.2056063296875 0.37718805781250003 0.20550236875 0.37917175468750003 0.21145560625 0.39114460625 0.2258075125 0.40739796562499997 0.2512334234375 0.40873048125 0.26244782031249997 0.40295439218749995
1 0.23936100468750002 0.1421187453125 0.2390127921875 0.1421004953125 0.22730302500000002 0.1452996765625 0.2257143359375 0.1756136671875 0.243569696875 0.1908432859375 0.24368713749999998 0.190849440625 0.255449140625 0.1804913734375 0.2568484953125 0.15379010625 0.2525567984375 0.146273346875 0.23936100468750002 0.1421187453125
1 0.25379826875 0.8389509171875 0.2482943546875 0.823826978125 0.2244712453125 0.8280550578125 0.2129989953125 0.8325091499999999 0.2052760578125 0.8526164421875 0.23193209375 0.858336496875 0.235178859375 0.858506653125 0.25353276406249997 0.844017034375 0.25379826875 0.8389509171875
1 0.5503343125 0.7337717734375 0.5503867687499999 0.732770840625 0.538211665625 0.724944234375 0.511667478125 0.7157246625 0.497939615625 0.7253323421875 0.49719887656250006 0.7394665046875 0.50284846875 0.7433528500000001 0.5188721734375 0.749767490625 0.5427059765625 0.7510165671875 0.5503343125 0.7337717734375
1 0.5270142812499999 0.08834966562499999 0.5625489390625 0.0902119578125 0.5770058203125 0.0865940375 0.578389815625 0.07902010000000001 0.5789506859375 0.06831806093750001 0.550385234375 0.0594271359375 0.5270142812499999 0.08834966562499999
1 0.2205959375 0.44921534531249996 0.202031209375 0.4335396546875 0.1861258046875 0.4728726734375 0.1974401234375 0.5138717500000001 0.200527459375 0.51403355 0.2297372109375 0.49197306875 0.23015104218750002 0.484076709375 0.2205959375 0.44921534531249996