1 0.5833624734375 0.34344049375 0.5795556562499999 0.354865909375 0.583996928125 0.3637523796875 0.5873661640625001 0.365625 0.5927082125 0.365625 0.59375 0.3633860953125 0.59375 0.34756495625 0.588755428125 0.3438636515625 0.5833624734375 0.34344049375
1 0.57603060625 0.6269611234375 0.57603060625 0.6324753515625 0.5766708656249999 0.6339153078125 0.588609096875 0.638390128125 0.5977923453125 0.636669025 0.6 0.6340485984375 0.6 0.62217008125 0.5989892593749999 0.620984871875 0.5922823921875 0.622556028125 0.58447663125 0.6239328875 0.57603060625 0.6269611234375
1 0.5140625 0.6318155859375 0.5114784453125 0.6289851953125 0.5045940421874999 0.6308218437499999 0.4997749265625 0.6363317859375 0.49736539375 0.6455150328125 0.5009275343749999 0.6515625 0.5063339124999999 0.6515625 0.5111342046875 0.6455150328125 0.513887975 0.6390867796874999 0.5140625 0.6384912953125 0.5140625 0.6318155859375
1 0.738969240625 0.5765625 0.7367378171875 0.5765625 0.7312589234375 0.5768947078125 0.7305704921875 0.5801088296875 0.729592275 0.5915480125 0.729592275 0.5964191578125 0.7309585125 0.6 0.7378096375000001 0.6 0.7391759984374999 0.5952612015625001 0.740625 0.5931902796874999 0.740625 0.5780915640625001 0.738969240625 0.5765625
1 0.8010486609375 0.604866353125 0.8015078156250001 0.600391534375 0.8010486609375 0.59798195 0.79518900625 0.595346271875 0.7852278546875 0.595346271875 0.781304684375 0.5990146203125 0.7822230109375 0.604177925 0.7840596515625 0.6069316953125 0.7941612265625 0.609341228125 0.79691619375 0.6079643671875 0.8010486609375 0.604866353125
1 0.337588796875 0.2171875 0.3342063671875 0.2171875 0.329840575 0.2256989296875 0.331217459375 0.23855547187499998 0.33535503125 0.24375 0.33927859374999997 0.24375 0.3421875 0.2409165546875 0.3421875 0.22709975 0.341199846875 0.2215664625 0.337588796875 0.2171875
1 0.341439140625 0.2758510796875 0.333203125 0.2778855609375 0.333203125 0.2833876515625 0.3343997390625 0.289315475 0.335407815625 0.29375 0.34488639375 0.29375 0.3462582296875 0.291462596875 0.346875 0.2883088171875 0.346875 0.27983912499999997 0.341439140625 0.2758510796875
1 0.3078125 0.1321096234375 0.3066175109375 0.12673445156250002 0.302259496875 0.1265625 0.2927572328125 0.1265625 0.2824449890625 0.1313942421875 0.28125 0.1367694140625 0.28125 0.1376250046875 0.296377228125 0.1390625 0.30044349531250003 0.1390625 0.3078125 0.133098278125 0.3078125 0.1321096234375
1 0.1770852375 0.22026168125 0.17789719843750001 0.2328125 0.1859375 0.2328125 0.1859375 0.210877890625 0.185401625 0.2086143078125 0.182295103125 0.20377985 0.1770852375 0.21199295624999998 0.1770852375 0.22026168125
1 0.140101571875 0.1633245515625 0.135258453125 0.1633245515625 0.1324288703125 0.167788640625 0.129175796875 0.18013252500000002 0.13172015937499998 0.184375 0.1434510578125 0.184375 0.1453125 0.18161609843749998 0.1453125 0.164744115625 0.14056640468749998 0.1635570703125 0.140101571875 0.1633245515625
1 0.4387076953125 0.14582101875 0.4359451359375 0.13909020156250002 0.432057315625 0.1332777609375 0.423246353125 0.1312777078125 0.4135916 0.1312777078125 0.4081673046875 0.1339886609375 0.4081673046875 0.14214440625 0.4083193953125 0.142714490625 0.4186790484375 0.1484097921875 0.42696674999999995 0.1484097921875 0.4387076953125 0.14582101875
1 0.594964165625 0.197807865625 0.5871978437500001 0.1922826953125 0.5835735578125 0.196426596875 0.5846090703125 0.20747688437499998 0.588233359375 0.218527171875 0.59396811875 0.225 0.5979139875 0.225 0.6015625 0.223609475 0.6015625 0.219499821875 0.5996023234375001 0.20785817031249998 0.594964165625 0.197807865625
1 0.7853710078125 0.241072321875 0.795053615625 0.24838619374999998 0.8078125 0.247125496875 0.8078125 0.24184940781250003 0.8059264781250001 0.23388266406249997 0.7929826109375 0.2297388125 0.7815920015625 0.2297388125 0.7853710078125 0.241072321875
1 0.54118286875 0.9245994218750001 0.53094090625 0.9316395140625 0.527143459375 0.9389164125 0.527143459375 0.9406658078125 0.5303100671875 0.94669999375 0.5354876140625 0.9522251625000001 0.5388605734375 0.953125 0.5445719203125 0.953125 0.546875 0.95107690625 0.546875 0.941393065625 0.5448071359375 0.9335777562500001 0.54118286875 0.9245994218750001
1 0.8228993875 0.9964732749999999 0.828479340625 0.9984375 0.8375 0.9984375 0.8375 0.9787834953125 0.832300909375 0.9723106609375 0.828352703125 0.9723106609375 0.8213461859375 0.97575396875 0.8228993875 0.9964732749999999
1 0.7457646625 0.962449346875 0.736095696875 0.9712511625 0.7301380156249999 0.9796875 0.7542419796875001 0.9796875 0.759375 0.976801459375 0.759375 0.9739801359375001 0.7541538515624999 0.9676154328125 0.7457646625 0.962449346875
1 0.46792074531249994 0.7764780765625 0.46792074531249994 0.7878453390625 0.4680414546875 0.7882639828125 0.469516440625 0.790625 0.48125 0.790625 0.48125 0.7867696234375 0.48059904531250003 0.783079203125 0.4758151796875 0.7755014390625 0.47073235 0.7723108062499999 0.46792074531249994 0.7764780765625
1 0.47948510625 0.8444358265625 0.4696184125 0.8488229453124999 0.46833553125 0.8513898328125 0.46833553125 0.8625 0.47572203281250003 0.8625 0.47948510625 0.8599901796875 0.4796875 0.8590182578125001 0.4796875 0.8455697343749999 0.47948510625 0.8444358265625
1 0.5073358375 0.0908504890625 0.5118389859375 0.09652365625 0.51872153125 0.094549209375 0.5270710421875 0.0951182453125 0.534375 0.09227095625000001 0.534375 0.083056021875 0.526691525 0.08003884375 0.5168239156250001 0.08060786875 0.5058177546875 0.0828840140625 0.5073358375 0.0908504890625