1 0.543495703125 0.41850294843749997 0.551039090625 0.43768147968750004 0.5656384921875001 0.4501782140625 0.5787542234374999 0.45134135625000005 0.591286921875 0.43785549843749993 0.5913043015625 0.43735779375000006 0.5844801015625001 0.42192652031250005 0.5746626390625 0.4134904890625 0.55208586875 0.412702090625 0.5435117734375 0.4180427203125 0.543495703125 0.41850294843749997
1 0.8711601375000001 0.49039558124999993 0.8923788859374999 0.5017132640625 0.921475275 0.5027293328125 0.9238689250000001 0.48800552656249996 0.913845234375 0.4777390421875 0.9072658421875 0.47513572656249997 0.8641329125 0.47362949062500004 0.8588117625 0.47763051875 0.8587387265625 0.47972199687500006 0.8711601375000001 0.49039558124999993
1 0.8813998218749999 0.5471358109375 0.8952988281250001 0.5589240281250001 0.9260051296875 0.5599963156250001 0.932683675 0.5570891296875 0.93310638125 0.5449844078125 0.9321658796875001 0.5361712187500001 0.9175954328125 0.5240617140625 0.90479945 0.51374325 0.8862243218750001 0.507453671875 0.8824554812500001 0.51690569375 0.8813998218749999 0.5471358109375
2 1 0.237602403125 0.9981500953125 0.237537803125 0.9785627578125 0.2528096390625 0.9421338203125 0.27339603281249997 0.8815719515625 0.2853834375 0.8567298953125 0.32400231874999996 0.8517499265625 0.385878446875 0.8010453406250001 0.41160724374999996 0.7452748109375 0.42094150937499997 0.6850572828125 0.42306936406249995 0.6491653171875 0.4013676765625 0.6127774500000001 0.3669566328125 0.6043998328125 0.3377544078125 0.58018904375 0.3044737328125 0.5508180953124999 0.2844099703125 0.4943754703125 0.25917019531249996 0.4312191296875 0.26472098125 0.40299165312499996 0.29264493125 0.410406028125 0.32251862343750004 0.370710559375 0.302094359375 0.30968142187500003 0.3274626140625 0.2851550359375 0.330131703125 0.2440782421875 0.3223512484375 0.18491818124999998 0.2941961421875 0.136357271875 0.2854492140625 0.115458196875 0.2649761921875 0.0646512328125 0.26672754374999996 0.041784709375 0.3025949453125 0.038393290625 0.3320322671875 0.038173493749999995 0.338326453125 0.0601219859375 0.3695160140625 0.10977307343750001 0.400864659375 0.1652525953125 0.4267759046875 0.1996403390625 0.46464268124999997 0.22254357812499997 0.50845441875 0.256759096875 0.5512510390625 0.2890237515625 0.5960947578125 0.3330965171875 0.652632721875 0.38494865625 0.7016860484375 0.4391944125 0.7360155828125 0.5434807 0.7636312249999999 0.605403271875 0.7664987109375 0.63780733125 0.75352800625 0.6996726359375 0.7042151062500001 0.7474590015625 0.6544105078125 0.7816624 0.61682365 0.834834415625 0.574258284375 0.8917648609375 0.558618490625 0.9430145734375 0.5441905296875 0.9851242796875 0.522392278125 1 0.4919172984375 1 0.237602403125
1 0.1844784625 0.5974277625 0.2094551546875 0.5889025859375 0.22817592968749997 0.5576052171875 0.219584778125 0.5377101484375 0.215793540625 0.52759815 0.1970217859375 0.526942625 0.1946834875 0.5273037656249999 0.17757706874999998 0.5548437734375 0.177166021875 0.566614596875 0.1844784625 0.5974277625
1 0.402964584375 0.27904565 0.4069025875 0.293896421875 0.42523178437500003 0.3072285640625 0.451965859375 0.3054836109375 0.46432893750000004 0.29096601718750004 0.46437408125 0.26276303749999996 0.45783515 0.26088280468749997 0.42762702187499996 0.2598279125 0.42028473593750004 0.26051824843750004 0.40300161093750003 0.2779853359375 0.402964584375 0.27904565
1 0.43776175625 0.5293605875 0.4446898453125 0.529602521875 0.455306190625 0.5096986328125 0.4433243390625 0.4948939375 0.42818310000000004 0.49436519375000004 0.4235474265625 0.49551573125 0.4227980921875 0.5169738359375 0.42651323437500005 0.5265482 0.43776175625 0.5293605875
1 0.0726001578125 0.6060754984375001 0.07463790000000001 0.620552225 0.088804484375 0.6389019015625 0.1018866546875 0.6455697218750001 0.10304581718750001 0.6456101999999999 0.1107161390625 0.6385744234375 0.11482836874999999 0.6135331500000001 0.11493404843749999 0.6105068625000001 0.109212834375 0.5794713890625001 0.09833803906250001 0.5678148046875 0.0901293796875 0.565423075 0.08225866875 0.565148225 0.075605240625 0.5726593 0.0735618046875 0.5785375234375 0.0726001578125 0.6060754984375001
1 0.4727585484375 0.536966321875 0.47016213906250004 0.5485589875 0.46955939999999996 0.5658191828125 0.4780746953125 0.5746434125000001 0.4853772671875 0.5749381687499999 0.4961441625 0.5753141562499999 0.51301539375 0.5552873671875 0.5180930984375001 0.531031503125 0.515833265625 0.51497706875 0.50500120625 0.5111188125 0.49925563906250003 0.5109181734375 0.4846493984375 0.5195265171875 0.4727585484375 0.536966321875
1 0.953673875 0.92260504375 0.9606349328125001 0.9049931250000001 0.9528247640625 0.8879146640625001 0.941829175 0.8875306890625 0.9349380296875 0.8937586296875001 0.9328974953125 0.9080636109375 0.9327008812500001 0.9136939046875 0.94489076875 0.920147721875 0.953673875 0.92260504375
2 0.5911914953124999 0.840001990625 0.58618175 0.8526769859375 0.5848372796875 0.8911775890625 0.5916604375000001 0.90571940625 0.597790246875 0.9135319578125 0.6145940234375 0.9169380046875 0.629432984375 0.895842184375 0.6316281328125 0.8733651828125 0.6282220234375 0.8497527828125 0.6093174703125 0.8305790046875 0.6035274625 0.8303768125 0.5977592109375001 0.8336531296875 0.5911914953124999 0.840001990625
1 0.22166031875 0.85731099375 0.219910990625 0.8647870953125001 0.21939126562500003 0.8796701046875001 0.2226526828125 0.88775643125 0.2382506296875 0.887022209375 0.252582003125 0.8602702484375 0.26064062187500003 0.8314197921875 0.2578742375 0.8120525265625 0.2564010484375 0.81200108125 0.2521080375 0.8132667890624999 0.2426577359375 0.821394434375 0.22922729375 0.8425394390625 0.22166031875 0.85731099375
1 0.205266928125 0.305220309375 0.2222597765625 0.298824525 0.2291880328125 0.2821511484375 0.23236758281249997 0.2507824265625 0.2323852515625 0.2502764921875 0.22406940468749997 0.24021190468750003 0.2231217859375 0.2401788140625 0.211189209375 0.252390746875 0.2065866359375 0.26137546562499997 0.20505579843750002 0.3052129375 0.205266928125 0.305220309375
2 0.3933878484375 0.429544378125 0.4003816984375 0.41099384375000003 0.42039582343750004 0.40323516562500006 0.4450447515625 0.404095925 0.4529067234375 0.380877015625 0.459834996875 0.364203640625 0.46268646249999995 0.3303949671875 0.4627755984375 0.32784243125 0.44187174999999995 0.28839729375 0.41486468125 0.2742978375 0.3944084796875 0.2745232875 0.378440065625 0.2673874484375 0.35500299687500003 0.272207421875 0.337838634375 0.2791259640625 0.3131897203125 0.2782652046875 0.29550185 0.25979248906249996 0.2767163890625 0.25255834843749997 0.25599802031249996 0.2602925046875 0.2402590015625 0.24658653749999998 0.232627371875 0.22282657968750003 0.2178055203125 0.17908104687499998 0.20290189218750002 0.161645284375 0.17736886875 0.1457178546875 0.16582262187500002 0.133098025 0.1489373234375 0.11183416718750001 0.12156972031249999 0.1080592265625 0.0954307546875 0.0892913921875 0.083723365625 0.08052912500000001 0.0534673828125 0.0794725625 0.028460967187500002 0.0888322765625 0.013146228125000001 0.114813734375 0.0016530828125000002 0.4439343703125 0.3474633640625 0.452373909375 0.3562421953125 0.44328309062500004 0.367870809375 0.43335199375 0.3933878484375 0.429544378125