1 0.51487283125 0.42234675 0.513146353125 0.422286459375 0.49912961562499997 0.4276994 0.494167753125 0.44315661562499997 0.49412063437500003 0.4445058859375 0.5116937734375 0.4765148828125 0.5265001 0.4837274265625 0.5277462234375 0.4837709421875 0.5353929421875 0.4714499671875 0.5354382890625 0.47015138125 0.529882353125 0.4493928921875 0.5275494953125001 0.43107102187499996 0.51487283125 0.42234675
1 0.4951812734375 0.3528672 0.46116407031250006 0.3516792921875 0.44700988906249994 0.3620976 0.44992944531249995 0.36933399218749996 0.46089434687499997 0.37328409218749997 0.48055158125 0.378132259375 0.4968345 0.36679098125 0.49700171875 0.36200245937500003 0.495700984375 0.353096340625 0.4951812734375 0.3528672
1 0.35556071093749997 0.013412725 0.3445474484375 0.020026159374999998 0.341861990625 0.0335213390625 0.34616983437500004 0.04636068125 0.3646886265625 0.04383514375 0.37564934375000003 0.0315091359375 0.3762318765625 0.0148276109375 0.376161696875 0.014132128125 0.35556071093749997 0.013412725
1 0.13001991562499998 0.3049313546875 0.13055581562500002 0.2895851859375 0.12844503125 0.2851435015625 0.11677096406250001 0.278790490625 0.10316017968749999 0.282476915625 0.1020597953125 0.2860901796875 0.1016825921875 0.2968918390625 0.1105536453125 0.3080543421875 0.128505540625 0.3086812359375 0.13001991562499998 0.3049313546875
1 0.2863254734375 0.52992481875 0.283333603125 0.515885628125 0.279293434375 0.51574454375 0.2697428546875 0.5194102171874999 0.2610888828125 0.53674611875 0.26086030781249997 0.543291665625 0.2610621796875 0.56124245625 0.2717014390625 0.565476196875 0.285097171875 0.55642724375 0.28585045937500003 0.5435274453125001 0.2863254734375 0.52992481875
1 0.8904433859375 0.289918303125 0.8832989765624999 0.280267321875 0.873912809375 0.2785394609375 0.8725446 0.27849168281250003 0.8638821625 0.291485190625 0.8634264265624999 0.2965139140625 0.862829696875 0.3136020296875 0.8723320578125 0.32191662656250003 0.8835590953124999 0.323894778125 0.8912527109375 0.3097574125 0.89159325 0.3000056734375 0.8904433859375 0.289918303125
1 0.721676778125 0.1231318296875 0.71774249375 0.1229944421875 0.70290503125 0.130121290625 0.69359594375 0.1583464359375 0.697842028125 0.1684644515625 0.7058916984375 0.16874555156249998 0.716422578125 0.168660271875 0.726825053125 0.138264790625 0.7272330328125001 0.1265817796875 0.721676778125 0.1231318296875
1 0.5637735171875 0.12699844062500001 0.55962515625 0.13812776875 0.5680478828125 0.14674542968749998 0.6034848140625 0.15392825937500001 0.6044601609375 0.1501661078125 0.604736134375 0.14226327968750002 0.5876595390625 0.130188734375 0.568906984375 0.12717770625 0.5637735171875 0.12699844062500001
1 0.529624603125 0.109927684375 0.5232475828125 0.1083852671875 0.5075735984375 0.10783792031249999 0.49995033125 0.10967241875 0.4995589921875 0.120878915625 0.508218028125 0.14407486249999998 0.5174892734375 0.1460979046875 0.522005778125 0.1462556234375 0.5313788171875 0.1386852703125 0.5318342671875 0.125642890625 0.529624603125 0.109927684375
1 0.8432717546875 0.0719811453125 0.836229428125 0.064594 0.832899853125 0.0644777296875 0.8183166703125 0.07520004999999999 0.806881321875 0.0962133828125 0.8069414546875 0.1094999640625 0.811463525 0.10965787812500001 0.8250127765625 0.1047771609375 0.8347627234375 0.0979800703125 0.8426042234375 0.09109673125 0.8432717546875 0.0719811453125
1 0.9123802890625001 0.1408921015625 0.8861722921874999 0.14792912656249999 0.8860991546875001 0.1500235203125 0.8955217265625001 0.165842546875 0.9213082937499999 0.1768500984375 0.9335422421875 0.1671702515625 0.9123802890625001 0.1408921015625
1 0.9600707765625 0.13927399375 0.9543302015625 0.13996682031250002 0.9428896312499999 0.1577466109375 0.9534805640625 0.1779429890625 0.9774671375 0.189090440625 0.9896413781250001 0.17855976875 0.9905894343750001 0.15141100624999998 0.9778095578125001 0.1398934453125 0.9600707765625 0.13927399375