1 0.412789215625 0.9373903234375 0.40847070625 0.93776814375 0.36027985625 0.9523437250000001 0.38382745625000003 0.9973298203125 0.41724211093749997 0.9882871484375 0.412789215625 0.9373903234375
1 0.3172788421875 0.8895772624999999 0.3081635359375 0.9247400171875 0.3083085546875 0.9263975890625 0.3462042984375 0.9695839828124999 0.35472803750000004 0.9191443953125 0.35456403281250004 0.9172698078125 0.3172788421875 0.8895772624999999
1 0.44233411250000004 0.611164509375 0.4770660515625 0.5964172999999999 0.47663297812499994 0.5914672640624999 0.44196579687500004 0.5599737328125001 0.4344835359375 0.5606283453125 0.40678588125 0.5728635125 0.438780353125 0.6114754234374999 0.44233411250000004 0.611164509375
1 0.43459312031249997 0.505358384375 0.4296760359375 0.48576245937499996 0.3793380859375 0.490166459375 0.3815454015625 0.526864609375 0.41757097343750005 0.5308363953125 0.43607022500000003 0.5222417625 0.43459312031249997 0.505358384375
1 0.2732071640625 0.7835888093750001 0.317388471875 0.7612663656249999 0.3170305625 0.757175440625 0.2862186671875 0.7367205640625001 0.272755646875 0.737898425 0.23745845000000002 0.7620391265625 0.2375285875 0.7628407953125 0.2732071640625 0.7835888093750001
1 0.259474234375 0.7174361671875 0.29337856093750003 0.6840362718749999 0.29333701562500003 0.6835613984375 0.2643404421875 0.6790328578125 0.2479733140625 0.6804647953125 0.2283377359375 0.6935786765625 0.22849319218750003 0.6953555390624999 0.259459553125 0.7174374515624999 0.259474234375 0.7174361671875
1 0.47721410468750003 0.5084711796875 0.4647905 0.488964215625 0.4573196515625 0.4896178296875 0.43698760625000005 0.5117077250000001 0.4378290953125 0.5482256265625 0.4781347 0.5189936265624999 0.47721410468750003 0.5084711796875
1 0.698195615625 0.2913069734375 0.7280422 0.2560336359375 0.7279820484374999 0.2553460953125 0.7017966015625 0.23923246874999998 0.7013316203125 0.2392731484375 0.6819951015625 0.2675432125 0.68209898125 0.2687305453125 0.6975766140624999 0.2913611296875 0.698195615625 0.2913069734375
1 0.730965065625 0.28496022499999996 0.7656857953125 0.2925769109375 0.7953978671875 0.25502232812500003 0.79491611875 0.24951591718750002 0.7841323874999999 0.2393942859375 0.7430776796874999 0.23875777812500001 0.7306380906250001 0.23984610156250002 0.7305241265625 0.27992026718749996 0.730965065625 0.28496022499999996
1 0.8015419187499999 0.12228155781250001 0.8246409968749999 0.10522554843750001 0.8215896828125 0.0703488765625 0.7819553765625 0.080047490625 0.7782023812500001 0.1126646890625 0.79899466875 0.12250441249999999 0.8015419187499999 0.12228155781250001
1 0.794205403125 0.097970984375 0.7942042125000001 0.09795737812500001 0.75863558125 0.055796170312500004 0.7350688640625 0.0853613078125 0.7350706078125 0.085381221875 0.754837903125 0.10563566093750001 0.7631440046875 0.10490897187499999 0.794205403125 0.097970984375
2 1 0.4960972078125 0.9920468265625001 0.4051920203125 0.9769416718749999 0.40651355 0.4045040203125 0.5311507734375 0.506109171875 0.8045309359375 0.9770510109374999 0.65835030625 1 0.6201983 1 0.4960972078125