1 0.4160565078125 0.42426308593749995 0.43431965625 0.413068771875 0.434359459375 0.41078845625 0.43136262031249994 0.397417321875 0.411918565625 0.3956875375 0.392341071875 0.401602653125 0.3812348 0.4103052609375 0.3810116234375 0.4230910625 0.38737588437500003 0.42821089062500006 0.3932026796875 0.4293753734375 0.40420152500000006 0.429567359375 0.4160565078125 0.42426308593749995
1 0.3396596375 0.445594490625 0.3349623484375 0.4402515453125 0.31889666562499996 0.4446078296875 0.30071362343749997 0.45078187031250005 0.29697975468750004 0.465554246875 0.3074734671875 0.47319836718749997 0.3170402578125 0.47336535625 0.335155740625 0.46900264218750004 0.3396806578125 0.4631812609375 0.3399248171875 0.4491934203125 0.3396596375 0.445594490625
1 0.5083507390625 0.4982172 0.49319563750000006 0.5050093765625 0.4880032328125 0.515190871875 0.487914696875 0.5202630296875 0.49731095156249994 0.53326363125 0.5129578109375 0.5377318921875001 0.5255205796875 0.537951175 0.535376334375 0.5324627609375 0.535662296875 0.5160799734375 0.522929365625 0.4993990734375 0.5083507390625 0.4982172
1 0.497468571875 0.543145434375 0.47923768750000006 0.5444817703125 0.46753558437500004 0.5579174 0.46625673125 0.5780559843749999 0.47970566718749996 0.5840336140625 0.490826559375 0.5842277296875 0.502509228125 0.573127178125 0.50514306875 0.56347055625 0.505264321875 0.5565239640625 0.497468571875 0.543145434375
1 0.5016318078124999 0.5512306390624999 0.49587008125 0.5624555124999999 0.5021168734375 0.5764686140624999 0.509292884375 0.582987321875 0.5319551031249999 0.58338289375 0.5393328453125 0.5694709953125 0.5368306781250001 0.5534376265625001 0.530062515625 0.5517269 0.5016318078124999 0.5512306390624999
1 0.5621004625 0.5881389593749999 0.5482309062499999 0.5858112875 0.5350458109375 0.5973995765625 0.52558108125 0.6083576078124999 0.5310342671875 0.614709634375 0.539366221875 0.6163297531249999 0.554316165625 0.6165907046875 0.55883403125 0.6158900734375 0.5653803046875 0.6041205062499999 0.56555841875 0.5939162984374999 0.5621004625 0.5881389593749999
1 0.6276953125 0.7309792765625 0.6172801031249999 0.7336943 0.61086264375 0.7390278765625 0.6153402531250001 0.7481436984375 0.6284326499999999 0.75071714375 0.63589890625 0.75084746875 0.64323706875 0.743764234375 0.64426821875 0.740153321875 0.6443904218750001 0.7331523437499999 0.6276953125 0.7309792765625
1 0.6167999 0.45820424531250004 0.6087348921875 0.4580634703125 0.6003376984375 0.4605492703125 0.6000097609374999 0.4793368328125 0.617451596875 0.48954822187499997 0.6394174328125 0.4899316359375 0.640863740625 0.48754981875 0.6410174875 0.47874163750000004 0.6278114312499999 0.46507234531249997 0.6167999 0.45820424531250004
1 0.1078967703125 0.3855443640625 0.0926844 0.38527883125 0.08073441249999999 0.39538591093750003 0.07993829687500001 0.41765637031249997 0.0953864421875 0.41792601874999996 0.1098697296875 0.4149703609375 0.1188869296875 0.399298959375 0.11893480781250002 0.39655605 0.1078967703125 0.3855443640625
1 0.2068146765625 0.4034629015625 0.1970897296875 0.41710364999999994 0.1928036296875 0.42047637031249996 0.1927259609375 0.424926034375 0.19790843125 0.435764540625 0.205966796875 0.4386090625 0.21610679843749997 0.4387860578125 0.22767493437500003 0.4338823890625 0.2280405546875 0.41293605624999996 0.21796689374999997 0.40180286406250004 0.2068146765625 0.4034629015625
1 0.970015234375 0.6965519671875 0.962734990625 0.6942257515625 0.960967371875 0.6941948984375 0.9488121218750001 0.7028782421875001 0.938758646875 0.7212496703125 0.9458651578125 0.7375050937500001 0.947522971875 0.7375340296874999 0.9601091890625 0.7327504640625 0.9727571890625001 0.722164990625 0.9729110343749999 0.7133511875 0.970015234375 0.6965519671875
1 0.629833990625 0.75927596875 0.6157703375 0.7680681484375 0.6127586296875001 0.7812243984375 0.6246730546875 0.78346901875 0.6539467265625001 0.7839799921874999 0.6618777734375 0.7791811281250001 0.661281296875 0.7639961453125 0.6419464265625 0.756011375 0.629833990625 0.75927596875
1 0.6184077218749999 0.7875043953125 0.6081372515625 0.7914963890625 0.6023807890625 0.802519096875 0.602210953125 0.8122490421874999 0.6099252374999999 0.8160290921875 0.624485815625 0.8162832484375 0.6339035296875 0.8123301968750001 0.63527595625 0.8076737203125001 0.6354998953125001 0.794844275 0.6184077218749999 0.7875043953125
1 0.398525459375 0.494074496875 0.39759012656250003 0.47374740624999995 0.3754134140625 0.4691891 0.35999739375 0.47073846406250003 0.36016792343750004 0.49255991093749996 0.3544454515625 0.5125988046875001 0.3544322609375 0.5133545171875 0.368535528125 0.5164581359375 0.38080795156249997 0.5166723515625 0.3983626484375 0.5034019234375 0.398525459375 0.494074496875
1 0.8329068640624999 0.9135299046875 0.8110375796874999 0.9131481750000001 0.8049058984374999 0.9189187546875001 0.8047493906250001 0.9278850921874999 0.805802465625 0.9330453296875 0.810304340625 0.9407710843749999 0.8172855046875 0.9446676203125 0.8316914593750001 0.944919078125 0.836225675 0.9433091734374999 0.8377110156249999 0.93850226875 0.8379971671875 0.9221086171874999 0.8329068640624999 0.9135299046875