1 0.1816238625 0.8619886250000001 0.1820424921875 0.8560019406249999 0.1807816953125 0.8415108437500001 0.17217719843749998 0.8357626390625 0.1683062546875 0.83549195625 0.1615463171875 0.840165775 0.1663192171875 0.8611712890625001 0.1816238625 0.8619886250000001
1 0.0997829765625 0.851536175 0.10896297656250001 0.8521781031250001 0.111608678125 0.8416300140624999 0.10347970937499999 0.83879041875 0.0879392203125 0.8377037218750001 0.08724519375 0.8476287671874999 0.0874822765625 0.84880223125 0.0997829765625 0.851536175
1 0.20390625 0.9109375 0.01875 0.028125
1 0.01171875 0.87421875 0.0234375 0.021875
2 0.5097983359375 0.8983295046875 0.465876715625 0.89525820625 0.45519959375 0.8837471703125 0.4232001578125 0.8815095515625 0.42082952812499996 0.9154111421875 0.4267656046875 0.915826234375 0.4775603609375 0.91088414375 0.5225165890625 0.9157700296875 0.5902863968750001 0.9266067343750001 0.6137828203125 0.9204646734375 0.613801365625 0.9201994703124999 0.598187175 0.8966702359375001 0.563027259375 0.9011805359375 0.5097983359375 0.8983295046875
2 0.3794559046875 0.8350730796875 0.37659562812499997 0.829694865625 0.37490911250000003 0.8295769328124999 0.36294094375 0.8594709046875 0.35981098437500003 0.891773578125 0.351972171875 0.914545609375 0.3511032046875 0.9269724265624999 0.39368411718749996 0.9928683828124999 0.42686778593749997 0.991704359375 0.401934425 0.9620852281250001 0.3851848890625 0.9400072703125 0.372666715625 0.9321630093750001 0.3752087546875 0.9207259156250001 0.38571423125000004 0.9075227187499999 0.387654 0.8797827390625 0.3928188203125 0.8557527296874999 0.3794559046875 0.8350730796875
2 0.43742866718749995 0.7211740140625 0.4678261609375 0.745724175 0.45755719062500005 0.792917309375 0.48566495156249995 0.8062072953125 0.502452803125 0.7986700546875001 0.51218029375 0.7758302125000001 0.5140969984375 0.759578534375 0.5146713125 0.7513654578125 0.498483971875 0.7391568609375 0.4666861546875 0.723219896875 0.43742866718749995 0.7211740140625
2 0.82733731875 1 0.8243413921875 0.9757434265624999 0.84100798125 0.96993995 0.8683236359375 0.9779478656249999 0.8716657937500001 0.963372634375 0.8468313890625 0.90327145625 0.8300918734374999 0.8602874828125 0.8090321312500001 0.8126458515625 0.68435123125 0.7556699906250001 0.6816458390625 0.7554808109375 0.678432796875 0.7706108265625 0.677194978125 0.788312453125 0.729860225 0.8153771000000001 0.772266409375 0.8401202453125001 0.8159013328125001 0.9137316609375 0.7930959625 0.9408836890625001 0.7589141374999999 0.9646268578124999 0.7316025609375 0.973170403125 0.6630732921875 0.9902619703125 0.6623923421875 1 0.783205525 1 0.7815190671875001 0.9901712734375 0.78182215625 0.9858368890625 0.8013121406250001 1 0.82733731875 1
2 0.25787748593750004 0.6712713640625 0.2797620640625 0.6996546968749999 0.2715325625 0.7269853421875 0.253668903125 0.751536115625 0.2241826375 0.76158445 0.2000239203125 0.7556828375 0.1683269234375 0.7471480109375 0.166751428125 0.7696786359375001 0.166192875 0.771393996875 0.16572185625 0.7781298671875 0.1905070953125 0.781343875 0.2212465234375 0.783493384375 0.26599259375 0.7760917093749999 0.29021468125 0.7409284359375 0.30520562500000004 0.6972216625 0.3000488890625 0.66053051875 0.2783229875 0.6489619578125 0.273840490625 0.6486485109375 0.2550097046875 0.672123921875 0.25787748593750004 0.6712713640625
2 0.23406281562500003 0.619239621875 0.223721521875 0.620676659375 0.2231087015625 0.6294403953125001 0.2271407484375 0.6529393609375 0.28542458593750003 0.6728108546875 0.328924915625 0.68322409375 0.379016990625 0.6775368125 0.379717434375 0.6675200015625 0.3775511671875 0.6429224234375 0.3377772859375 0.6469860171875 0.2893157875 0.6472829828125 0.24800747812499999 0.6202147265625 0.23406281562500003 0.619239621875
1 0.14375 0.46015625 0.0171875 0.0234375
1 0.1625 0.51328125 0.0234375 0.025
1 0.1828125 0.4640625 0.0171875 0.0234375
1 0.015625 0.48125 0.0203125 0.021875
2 0.08828125 0.3921875 0.0390625 0.0484375
1 0.2201354109375 0.4553689140625 0.209620771875 0.46393708437500003 0.209383990625 0.46732323124999997 0.21047914687499997 0.47806884375 0.2263192421875 0.47028656875 0.233453478125 0.4563002046875 0.2201354109375 0.4553689140625
1 0.034375 0.59375 0.0140625 0.0234375
1 0.115625 0.5375 0.0125 0.025
1 0.69453125 0.43125 0.0203125 0.021875
1 0.6421875 0.3609375 0.0125 0.01875
1 0.6640625 0.334375 0.01875 0.0203125
1 0.7453125 0.34609375 0.0171875 0.0265625
1 0.08125 0.88828125 0.0234375 0.021875
1 0.12109375 0.7421875 0.0171875 0.025
1 0.51328125 0.66640625 0.0203125 0.01875
1 0.50625 0.60078125 0.01875 0.0171875
1 0.68359375 0.396875 0.021875 0.0234375
1 0.946875 0.365625 0.0109375 0.025
1 0.925 0.475 0.0171875 0.0265625
1 0.92734375 0.51796875 0.015625 0.028125
1 0.7140625 0.43984375 0.0203125 0.0203125
1 0.27734375 0.27890625 0.0203125 0.0234375
1 0.31171875 0.2609375 0.0203125 0.0296875
1 0.3921875 0.2625 0.01875 0.0171875
1 0.21875 0.17578125 0.0203125 0.021875
1 0.209375 0.2265625 0.01875 0.015625
1 0.3265625 0.4421875 0.015625 0.0234375
1 0.3296875 0.41328125 0.01875 0.0203125
1 0.0640625 0.44765625 0.021875 0.0203125
1 0.24375 0.934375 0.0109375 0.025
1 0.240625 0.96953125 0.01875 0.01875
1 0.11640625 0.95859375 0.0171875 0.0203125