1 0.43230848125000004 0.32397989531250004 0.394731590625 0.3317983453125 0.3947005296875 0.3541544859375 0.39492698437499996 0.35674288125000003 0.4238262921875 0.37020757656250003 0.42515314374999996 0.3700914921875 0.4491124390625 0.3486167578125 0.449093121875 0.348395965625 0.4361424234375 0.32364446875 0.43230848125000004 0.32397989531250004
1 0.3724914171875 0.352849421875 0.40288104843749994 0.3501906734375 0.4073356859375 0.3372258921875 0.40630544375 0.3254501671875 0.39151474999999997 0.32284347812499997 0.37349607812499996 0.32441990781249996 0.3566110765625 0.33437144218750003 0.3724914171875 0.352849421875
1 0.29013544375 0.406813703125 0.2902522796875 0.408149153125 0.31660452031249997 0.41762362656249996 0.320108884375 0.417317034375 0.33227192968749997 0.39355475625 0.3314385984375 0.3840297390625 0.32416964843749996 0.3718680109375 0.312690984375 0.3720883140625 0.299673965625 0.3732271546875 0.29013544375 0.406813703125
2 0.1370074046875 0.115787809375 0.16370527343750002 0.1367610625 0.20971068437499998 0.13273611093749998 0.215845159375 0.1025959484375 0.21582553125 0.10237159062500001 0.1867721625 0.0913696421875 0.180667996875 0.0919036875 0.136819684375 0.1136421625 0.1370074046875 0.115787809375
2 0.143652328125 0.3444272953125 0.16406304375 0.337384878125 0.1485367359375 0.29238570468749997 0.118952871875 0.24787603749999998 0.11619311562500001 0.24811748437499997 0.10420218125 0.25873693750000004 0.12011181562499999 0.3081175765625 0.1377223609375 0.3449461 0.143652328125 0.3444272953125
2 0 0.3695193328125 0.0023996218749999998 0.3742306578125 0.005466253125 0.4092824015625 0.0240050625 0.4319429890625 0.064478525 0.45930705312500003 0.0991742484375 0.45847907499999996 0.1011465046875 0.4053264671875 0.10083500000000001 0.401514728125 0.07646625625 0.12297871875 0.0715364859375 0.1234100171875 0.028362199999999997 0.160039003125 0.05221349374999999 0.1866498171875 0.05111763125 0.23089573749999998 0.00820665625 0.23244246093749998 0.011081621875 0.2653034671875 0.01946073125 0.3043054328125 0 0.3220157890625 0 0.3695193328125
2 0.21507241718749998 0.40053237812500003 0.24724869843750003 0.40875483125 0.2464000375 0.3801290953125 0.24389663593750002 0.35151508124999997 0.24303285937500002 0.3515186453125 0.2043767375 0.35490061875 0.170354534375 0.3625021421875 0.21507241718749998 0.40053237812500003
1 0.657746996875 0.1332935140625 0.6570704734375 0.133352703125 0.6657269828125 0.1677390515625 0.6864071015625 0.19979869374999998 0.687787009375 0.1996779671875 0.7004713765624999 0.1918851546875 0.7001836875 0.18859686250000002 0.6851621812500001 0.1494665828125 0.657746996875 0.1332935140625
2 0.5660056875 0.48388045156250004 0.6285768578125001 0.48426904375 0.6687380671875001 0.46082166874999997 0.6373486546875 0.42370043749999997 0.6193897421875 0.39712991249999996 0.604635740625 0.3714515625 0.5653623109375 0.351436103125 0.5283775265624999 0.3218398375 0.479918275 0.315109171875 0.47239972343750003 0.3157669609375 0.49750119687499994 0.362063471875 0.5099665484375 0.3973226234375 0.5302670328125 0.4506574453125 0.5660056875 0.48388045156250004
2 0.414360878125 0.46682532187500003 0.41736130625 0.5011203609375 0.4495243578125 0.515944246875 0.45072329375000003 0.5158393546875 0.46948573125 0.49184617187499996 0.4660512859375 0.452590290625 0.445830190625 0.43258969374999995 0.4395916296875 0.433135496875 0.4172496609375 0.4418283953125 0.414360878125 0.46682532187500003
2 0.328962715625 0.6344494765625 0.3337252234375 0.6105289953125 0.3103514859375 0.600822025 0.2653530515625 0.6125934843749999 0.25348011875 0.588822646875 0.23692603281250002 0.5563209890625 0.20336349375 0.5644804 0.2028286484375 0.5919483109375 0.195263853125 0.6174197265625 0.2139884546875 0.6523430218749999 0.230477628125 0.6952965 0.183551871875 0.6850385296875 0.17976125 0.70887398125 0.1956835640625 0.7453482140625 0.21081227343750003 0.772751509375 0.251923159375 0.761320165625 0.2860690078125 0.7374405125 0.2632785765625 0.7120133 0.26851102187500003 0.6710767296875 0.294703496875 0.657033278125 0.328962715625 0.6344494765625
2 0.2683394953125 0.521542234375 0.284010328125 0.539026134375 0.3009208359375 0.5545160874999999 0.32456699843750003 0.5589753234375 0.3282356453125 0.5586543578125001 0.3281749046875 0.5439299906249999 0.3264078875 0.5237328984375 0.304429915625 0.49764431875000004 0.2819494921875 0.49711838906250005 0.270312875 0.4981364609375 0.2683394953125 0.521542234375