1 0.324870121875 0.6295176953125 0.3421168296875 0.639696771875 0.3556267453125 0.6393515390625 0.3598096671875 0.6243169703125 0.356559078125 0.610895871875 0.352346259375 0.60268751875 0.3461429203125 0.597329646875 0.33664073437500003 0.5971637859375 0.3363248484375 0.5971783203125 0.323075328125 0.60873714375 0.323006203125 0.6126973078125 0.324870121875 0.6295176953125
1 0.383288346875 0.5880137750000001 0.403710446875 0.5831429406249999 0.4312171578125 0.5718616265625001 0.42893925 0.5692081796874999 0.425484346875 0.5674054640625 0.4179323046875 0.5642025 0.3846003078125 0.5636206875 0.376799290625 0.5748862703125 0.37676266875 0.5769843421874999 0.3780756203125 0.587051578125 0.383288346875 0.5880137750000001
1 0.2934610359375 0.5627760859375 0.29253853125 0.5676051109375 0.29248399531249997 0.5707294828125 0.2984535734375 0.57622756875 0.315923346875 0.573627209375 0.3194138 0.5723006484375001 0.3195116234375 0.56669635625 0.31757449531250004 0.553900003125 0.314739096875 0.541648271875 0.30925025 0.5316744718749999 0.30804564375 0.5310296609375 0.30231753437500003 0.5309296765625 0.30229276718750003 0.530971978125 0.299669771875 0.5315072453125 0.29462605000000003 0.545945690625 0.2934610359375 0.5627760859375
1 0.254558403125 0.50525515625 0.2547303015625 0.5117119078125001 0.2579809234375 0.52513303125 0.2596924203125 0.5269061015625 0.2618596640625 0.52752498125 0.2644522421875 0.5287323374999999 0.272695890625 0.530619425 0.27675710625 0.5225554734375 0.27876264375000004 0.5074829453125 0.278955290625 0.496446171875 0.278702328125 0.48598266875 0.2775983859375 0.48205332343749996 0.26021619218750003 0.481749915625 0.25739437187499997 0.4838675859375 0.25556120312499997 0.48906513125 0.25465681875 0.4996169328125 0.254558403125 0.50525515625
1 0.2605683328125 0.559256021875 0.271107846875 0.5546482921875 0.2777540609375 0.550655709375 0.2778121203125 0.5473294578125001 0.2713434875 0.54114848125 0.26619155 0.5367024578125 0.24760332968749998 0.5363779984375 0.2359704796875 0.5370461859375 0.23057495 0.5363282500000001 0.23029142343750003 0.5525715 0.2332972828125 0.557037559375 0.23845530468749998 0.55935456875 0.25522943593749997 0.5596473625 0.2605683328125 0.559256021875
1 0.48087490781250003 0.789913021875 0.4847388515625 0.7951701265625 0.4886834109375 0.8022087421874999 0.490350040625 0.806593928125 0.497320634375 0.8067156000000001 0.5107113296875 0.8052068921875 0.5177199296875 0.803151178125 0.5229901875 0.7944186625 0.523126078125 0.7866334593750001 0.5138568875 0.781534715625 0.49053032500000004 0.7811275484375 0.48090030625 0.7884579140625 0.48087490781250003 0.789913021875
1 0.392806453125 0.5648243859375001 0.4083518375 0.5726494984375 0.409632503125 0.5727270015625 0.4110153890625 0.5697906953125 0.41691991249999993 0.5559483234375 0.4155024921875 0.537329678125 0.41171500468750005 0.5297098 0.4001451625 0.521698096875 0.399513546875 0.521687071875 0.39242220156249996 0.5369268109374999 0.39141420937500004 0.543360884375 0.39116348125 0.5577251109375 0.392806453125 0.5648243859375001
1 0.792310378125 0.6041202890624999 0.7958162046874999 0.6034331171875 0.8057596218749999 0.5996861859375 0.810551103125 0.591493234375 0.81395189375 0.58838918125 0.813983146875 0.58659873125 0.8054904015625001 0.5818215015625 0.8020130203125 0.5802830812499999 0.77400286875 0.5797941625 0.76711414375 0.5833296921875 0.7656255203125 0.6020349 0.77510008125 0.60381988125 0.792310378125 0.6041202890624999
1 0.80430834375 0.6828494 0.7869403187499999 0.713631503125 0.7869208796875 0.7147451234375 0.7956687703124999 0.728602271875 0.800218534375 0.736644103125 0.8006790234375 0.7366521406250001 0.8222734125000001 0.726742434375 0.8259760937499999 0.7155034984374999 0.826330378125 0.6952064984375 0.8252011078124999 0.6837951343750001 0.82280811875 0.6822240328125 0.80690114375 0.681946375 0.80430834375 0.6828494
1 0.9061386703125001 0.7548337953125 0.9084275890625 0.7484820953125 0.906969609375 0.7321869640625 0.9014604859375 0.7233749140625 0.8963260296875 0.7180557796875 0.881479234375 0.720120840625 0.87893901875 0.72525230625 0.878535059375 0.7483952015625001 0.8787948828125 0.7491269734375 0.8882739859375001 0.7551030296875 0.9008622656249999 0.7576469921875 0.9061386703125001 0.7548337953125
1 0.9341554999999999 0.7823073968750001 0.9426483703124999 0.7824556406250001 0.9464179015624999 0.7803089046875 0.9536998609375 0.7624231734375 0.959179053125 0.7479923281249999 0.9486172125 0.74067860625 0.945118396875 0.740617534375 0.936200175 0.7417806312499999 0.9332309703125 0.7483905656250001 0.9327364843750001 0.7767195984375 0.9341554999999999 0.7823073968750001
1 0.9515089437500001 0.6275039484375 0.9493277250000001 0.6319709359375 0.9488241421874999 0.66082116875 0.9491582015625 0.6623116828125 0.956656459375 0.665491853125 0.972646290625 0.6660866109375 0.9787840031249999 0.6661937453125 0.9883433578125 0.647749328125 0.9914454015624999 0.6364776296875 0.9869199671875 0.6294288921875 0.9750508968749999 0.6223719187500001 0.9695625328125 0.62227611875 0.9556663375 0.6223492140625 0.9539084890625 0.6231897375 0.9532820093750001 0.625792453125 0.9515089437500001 0.6275039484375
1 0.8051345875000001 0.46959978593749996 0.8167750390625 0.4684961953125 0.825678309375 0.4577613625 0.8257619234375 0.452971090625 0.8247141703124999 0.4464186578125 0.8143066734375 0.439851246875 0.7881864203125 0.439395315625 0.777609496875 0.44864569843749996 0.7821273296875 0.45612990625 0.7872032546875001 0.46493069687500005 0.8051345875000001 0.46959978593749996
1 0.750693240625 0.41668983125 0.7583594671875 0.42670165937500004 0.76255115 0.43196927656249995 0.76518245625 0.43201520625 0.77450251875 0.42524026406250004 0.7752488921875 0.42099396718750004 0.775633153125 0.398979634375 0.7657287890625 0.3921211765625 0.7555268546875 0.3919431015625 0.7506329578125001 0.3951895984375 0.748661965625 0.39977925625 0.748529953125 0.40734228437500003 0.750693240625 0.41668983125
1 0.7445821046875001 0.3532316609375 0.75935794375 0.35523275 0.7668624312500001 0.349553146875 0.7671666109374999 0.332126675 0.7659393624999999 0.3163524078125 0.7661947640625 0.3129347546875 0.758890353125 0.3076139578125 0.742514234375 0.3073281125 0.740850903125 0.31009953125 0.740296078125 0.34188539218749997 0.743316284375 0.3508853203125 0.7445821046875001 0.3532316609375
1 0.6358456171875 0.3454429046875 0.6414257171875 0.35018877656249997 0.64843393125 0.3479868828125 0.649740375 0.3480096875 0.6488490890625 0.34915625 0.6575586265625 0.3493082765625 0.6673419609375 0.3378578578125 0.6691649546875 0.333241209375 0.6659244703125 0.3192392109375 0.6573974406249999 0.3086312828125 0.6443426171875 0.30092630625 0.6387893234375001 0.3008293734375 0.6352084375 0.307081871875 0.631340959375 0.3168759171875 0.631134990625 0.328675846875 0.6358456171875 0.3454429046875
1 0.6645119328125 0.29662536093749997 0.667464821875 0.3024000890625 0.6732356375 0.3046788671875 0.69590521875 0.3042033609375 0.70117875625 0.3016817265625 0.7128724156249999 0.29752974375 0.7159212515625 0.28930640625000004 0.714789890625 0.2875442453125 0.708487340625 0.2786048859375 0.6783915828125 0.2780795625 0.66782208125 0.2819326875 0.6677612703125 0.2854165171875 0.6646136390625 0.290798584375 0.6645119328125 0.29662536093749997
1 0.4951960625 0.715485609375 0.49764007499999996 0.7160317421875 0.5094587734375 0.712751690625 0.5186443406250001 0.7105877796875 0.5189181031250001 0.6949039499999999 0.5152421484375 0.6808943734375 0.512519771875 0.6799334046875 0.498519034375 0.6796890203125 0.49210105468750004 0.68397679375 0.487246328125 0.6934821343750001 0.487123240625 0.7005338046875 0.4951960625 0.715485609375
1 0.6837023531249999 0.888554934375 0.6907826828125 0.8863303281249999 0.6961706390625 0.877127434375 0.699654971875 0.8522027046874999 0.6867511140625 0.8408111640625 0.6772806859375 0.8406458562499999 0.6752554328125 0.8450102828125001 0.6745978265625 0.8826844749999999 0.6776112609375 0.8884486140625001 0.6837023531249999 0.888554934375
1 0.628453390625 0.9299506875000001 0.6300994875 0.93083356875 0.6380798000000001 0.9396850562499999 0.643827815625 0.9432702609374999 0.6670555328125001 0.9441113234375 0.671884996875 0.9337409828125001 0.669125009375 0.9254162375 0.650899303125 0.9167595296875 0.639209584375 0.9165554859375 0.6355250484375 0.9196024296875001 0.6319713953125 0.9234608765625 0.6284972062499999 0.9274404390625 0.628453390625 0.9299506875000001
1 0.8371269140625 0.8824361734374999 0.83789119375 0.8861348140624999 0.8495578187499999 0.891567996875 0.852575725 0.8933638500000001 0.8621764984375 0.892369309375 0.8688506031250001 0.8843509656249999 0.8756767968749999 0.8676194078125 0.8758491656249999 0.857744403125 0.8630696421874999 0.8501397671875001 0.8587950843750001 0.8500651546875 0.8462164624999999 0.8583892843750001 0.838002978125 0.8672523468750001 0.8372641328125001 0.8745749593750001 0.8371269140625 0.8824361734374999
1 0.8370841109375 1 0.8373272640625 0.989030059375 0.8328238453125 0.9668711999999999 0.8201747390625 0.967812509375 0.81776548125 0.96655433125 0.8163923890625 0.9665303640625 0.8091053078125 0.978078378125 0.8055850765624999 0.9884120109375001 0.8053828078124999 1 0.8370841109375 1
1 0.740208115625 0.21289484218750002 0.746454321875 0.2140002265625 0.7628274078125 0.21428601875000003 0.7704748140625 0.20993825937500002 0.7751955265625 0.2040411265625 0.7753284328125 0.1964269546875 0.77253033125 0.18752121875 0.7335809906249999 0.18684135468750002 0.72949819375 0.1939766765625 0.7259292953125 0.19870611093749999 0.7310660078125 0.204023075 0.740208115625 0.21289484218750002
1 0.5781709562499999 0.2792614953125 0.5836800484375 0.28807354687500003 0.5953872453125 0.29118319531250003 0.605585703125 0.28090212187499997 0.6072267453125 0.261755790625 0.6065078953125 0.253027353125 0.600279921875 0.2354868609375 0.5963707609375 0.2348375765625 0.5957744984375 0.2313180734375 0.590152971875 0.23121995 0.5872764515625 0.2317735375 0.577910365625 0.2443906234375 0.577448646875 0.2708424515625 0.5781709562499999 0.2792614953125
1 0.8483144312500001 0.15197453593750002 0.8540464406250001 0.16039971718749998 0.86904295625 0.166759990625 0.887517178125 0.173616603125 0.8975822171875001 0.1629020484375 0.9024345031250001 0.1512253015625 0.8950274625000001 0.14281945625 0.8846932031250001 0.135669290625 0.8737149140625 0.1330288328125 0.8671016578125 0.1329133984375 0.8549997890625001 0.1390715171875 0.8502919125 0.1424741640625 0.8484657312499999 0.1433065875 0.8483144312500001 0.15197453593750002
1 0.8658355406249999 0.22254133125000003 0.8662404875 0.224931696875 0.8781094078124999 0.23534205 0.8883383015625 0.23170907187499998 0.8937465187500001 0.22134439687500002 0.8934833843750001 0.2114617890625 0.8937571468750001 0.195777959375 0.8925318859375 0.1911081015625 0.8891508375000001 0.18799409843749998 0.87985744375 0.18783188125 0.879518275 0.1879756515625 0.8706971703124999 0.1942133453125 0.8661619187499999 0.2038431375 0.8658355406249999 0.22254133125000003
1 0.898043134375 0.1679535140625 0.897597640625 0.1934758 0.9036714046875 0.20046904531249998 0.913231671875 0.2017980421875 0.92292368125 0.1955755734375 0.9256987343749999 0.1863270484375 0.92761359375 0.1749178015625 0.9276185781249999 0.1746322609375 0.9227827734374999 0.15373683437500002 0.9156658140625 0.1525139453125 0.9038500031250001 0.1523076984375 0.898043134375 0.1679535140625
1 0.7330993484375 0.8666733921875001 0.7365730203124999 0.8673150984375001 0.7431558703125 0.8645247046875 0.7500359890625 0.85846211875 0.7504036125 0.8374010296875 0.7485139296875001 0.8320788921875 0.7443112515625 0.8232896421874999 0.740740946875 0.819875228125 0.7354924328125 0.8197836140625 0.73170269375 0.8219074359375 0.7254486109375 0.8343794203125 0.7249377359375 0.8636474468750001 0.7330993484375 0.8666733921875001
1 0.893559115625 0.5084323375 0.8694356921875 0.5158321578125 0.8620135515625 0.53103213125 0.8619777078125 0.5330855546875 0.8832745984375 0.5545785609375 0.9258905546875 0.5422183140625 0.92591801875 0.5406448484374999 0.9195193640625 0.52507699375 0.9141719859374999 0.511590671875 0.89836060625 0.5085161484375 0.893559115625 0.5084323375
1 0.5765992640625 0.3436156640625 0.5809706984375 0.344499090625 0.59112594375 0.3446763515625 0.6009294671875 0.330439615625 0.6021365828125 0.31438705312500004 0.6015120031250001 0.29706610625 0.5992924734375 0.2914634109375 0.5918001171875 0.28438179375 0.5843119406249999 0.2842510859375 0.5739709093750001 0.3083314890625 0.5736379484375 0.3100988203125 0.5732947484375 0.329760715625 0.5765992640625 0.3436156640625
1 0.5379164249999999 0.2885262890625 0.54044161875 0.28823695625 0.5413468499999999 0.283616434375 0.541525984375 0.273353875 0.5325791109375 0.26772070625 0.5078933078125 0.2672898140625 0.5056187234375 0.2676327796875 0.5052856015625 0.28671729375 0.5085695343750001 0.28801403593749997 0.5379164249999999 0.2885262890625
1 0.49179053125000005 0.27939782812499997 0.5034167828125 0.2771279140625 0.5101787015625 0.26890805 0.5130931984375 0.2538046125 0.5030942609375 0.2425021734375 0.4928384125 0.23264679375 0.491800484375 0.2326286765625 0.48097335937499996 0.23531563906250003 0.47978781562500006 0.2501321828125 0.48415136406250003 0.2656637515625 0.49179053125000005 0.27939782812499997
1 0.5077272890625 0.23636230625 0.5076866234375 0.23869206406250001 0.508017375 0.2409140796875 0.5078879781250001 0.24832722187499998 0.5170209078125 0.256365603125 0.5243644609375 0.2606649484375 0.5247137671875 0.261209021875 0.5396663890625 0.261470021875 0.5448564203124999 0.255461065625 0.5465949359375 0.24786632812499998 0.54661798125 0.24654610312499997 0.5321770546875 0.238091546875 0.5254596296875 0.23333964218749997 0.5087728765625 0.2330483734375 0.5077272890625 0.23636230625
1 0.36680072343750003 0.3419410015625 0.379328546875 0.3479405109375 0.3946821921875 0.353770078125 0.4015856734375 0.347865515625 0.41045637968750004 0.33550680625 0.41055342812499995 0.3299469328125 0.4012005109375 0.32012331562499996 0.397372575 0.3200564984375 0.38033476093749996 0.32571172812500004 0.37350411562499997 0.3274463640625 0.366873946875 0.33774602656249997 0.36680072343750003 0.3419410015625
1 0.3386715359375 0.33996415 0.3504141203125 0.3401691171875 0.3578708484375 0.3379819484375 0.3654003859375 0.3316248578125 0.369278421875 0.32195978593749996 0.36912069999999997 0.31956335937499997 0.33019765625 0.31888395625 0.328103825 0.3206547703125 0.3278273359375 0.33649486875 0.3282055203125 0.3374641375 0.3386715359375 0.33996415
1 0.2352675875 0.36170299687499996 0.2420118171875 0.3676885359375 0.269586940625 0.36816986093750004 0.2716341859375 0.367899346875 0.284051353125 0.36487184687499996 0.29153554375 0.35179199375 0.2916218296875 0.3468486671875 0.2895650234375 0.34317851875 0.2563758640625 0.3425992 0.2535138953125 0.3434828765625 0.24545527812499998 0.3447325875 0.2373966359375 0.3459823328125 0.2352675875 0.36170299687499996