1 0.4195726546875 0.4117117671875 0.41958825937500005 0.42487896249999996 0.4307650203125 0.4405119703125 0.449560971875 0.449871384375 0.45614722499999993 0.4411050328125 0.4572754203125 0.41957780937500005 0.449374603125 0.4085713453125 0.439140275 0.40293181875000006 0.431373053125 0.40252475624999995 0.4195726546875 0.4117117671875
1 0.095801796875 0.4505156875 0.10439274375 0.470681621875 0.1149149609375 0.4853398875 0.1242325 0.47496985 0.12574423437499999 0.4461242453125 0.1207213734375 0.4292620453125 0.11298303750000001 0.4202608171875 0.09743010468749999 0.41944572343750003 0.095801796875 0.4505156875
1 0.09151551249999999 0.47768639999999996 0.074009528125 0.4714162078125 0.07293303906250001 0.4713597921875 0.0655289375 0.48902622031250004 0.06453316875000001 0.5080266296875 0.0816152703125 0.52303489375 0.09806810625 0.5243103265625 0.110340903125 0.5249535171875 0.117065175 0.522164984375 0.1182084859375 0.50034930625 0.1041294671875 0.4882266125 0.09151551249999999 0.47768639999999996
2 0.4661391703125 0.059193378124999994 0.447299403125 0.1089905890625 0.4267573109375 0.1643413 0.3797196734375 0.21360116406250002 0.339294821875 0.244398496875 0.2855148875 0.2876622640625 0.2309977203125 0.34499425 0.21623760937499997 0.3741949890625 0.21284822343749998 0.4388683390625 0.2311332484375 0.544377696875 0.26060431875 0.6014090453125001 0.304951771875 0.6573391515625 0.357433396875 0.7061718156250001 0.3992944234375 0.74222208125 0.43894610937499995 0.78003736875 0.48059498125 0.8066719000000001 0.5153205734374999 0.8442290953124999 0.5362978578125001 0.9017558156250001 0.563199834375 0.9539501781249999 0.5929346609375 0.97901988125 0.62826805 0.9780502328124999 0.665991915625 0.9583967734375 0.6721647203125001 0.907935784375 0.6535910781250001 0.8853318968749999 0.6491098 0.8361934312500001 0.6262179703124999 0.7748046125 0.6220472 0.733206015625 0.6268437484375 0.7090055875 0.6574345078125 0.650419671875 0.640547653125 0.609095165625 0.6696614624999999 0.619084990625 0.6999393390625 0.5933986609375 0.710973440625 0.5309664328125 0.6907490109375 0.472538796875 0.6733214421875 0.44153094218750005 0.6422775203125 0.41451168125000004 0.6139165734375001 0.40362079843750004 0.582807890625 0.3643722796875 0.5643169734375 0.3267254671875 0.5716850359375 0.2669225375 0.5858445015625 0.21217776718749998 0.6158945874999999 0.1639085421875 0.6779692921875 0.16434038281250002 0.71860634375 0.142958715625 0.7358264484375 0.08367207343750001 0.7595094953125 0.049175982812500005 0.779806703125 0.027366278124999997 0.7799015609375 0.025556289062499998 0.6883809765625 0.018574321875 0.516456459375 0.009564139062500001 0.491524575 0.0191437546875 0.4661391703125 0.059193378124999994
1 0.7649360296875 0.5894985453125 0.77317865625 0.6095405203125 0.7779938109375 0.6230987859375 0.7978945375000001 0.62037990625 0.8159052859375 0.592482334375 0.816411446875 0.5828242078125 0.8097101203125 0.5522180390625 0.8046391859375 0.55195228125 0.78420016875 0.558532665625 0.7649360296875 0.5894985453125
1 0.563138796875 0.2744165015625 0.558878703125 0.297693684375 0.558579534375 0.3034021640625 0.5615324046875 0.318533721875 0.5896319984375 0.3209468015625 0.6051718609375001 0.30989605937500003 0.6079022468749999 0.2921243671875 0.6084292859375 0.28206786250000004 0.5975562890624999 0.263994378125 0.5879454468749999 0.260524515625 0.5803530734375 0.26012661718749996 0.563138796875 0.2744165015625
1 0.5413129453125001 0.5177922171875 0.5412692015625 0.5186269078125 0.5563860890625001 0.5332170671875 0.5613560484375 0.5334775328125 0.580023803125 0.52552484375 0.5800756406249999 0.5245357312500001 0.5773901703125001 0.50765181875 0.5656567296875 0.5018762796875 0.5471077640625001 0.50090416875 0.5413129453125001 0.5177922171875
1 0.88622461875 0.601602678125 0.8806297453124999 0.6065577078125 0.8757353140624999 0.6334213578125001 0.88110133125 0.6656779765625 0.891771034375 0.6775225765624999 0.9063524890625001 0.682048665625 0.9145849187499999 0.6730755640625 0.9186586171875 0.6619849906249999 0.919331796875 0.6491399625 0.916387959375 0.6252068140625 0.902543778125 0.6066126890625 0.8938784015625 0.6020037953124999 0.88622461875 0.601602678125
1 0.4988344234375 0.5220813843750001 0.48042462812500003 0.5324070078124999 0.4693227390625 0.5479635703125 0.4693083359375 0.5482383828125 0.4731746375 0.5630757 0.488971025 0.5667261703124999 0.5135771375 0.5637818234374999 0.53499814375 0.54872024375 0.5355619828125 0.53796155 0.5359048109375 0.5306610765625 0.52821285 0.5218189484375 0.50850925625 0.5207863265625 0.4988344234375 0.5220813843750001
1 0.0033323093749999997 0.8609280640625 0.000722075 0.8696669484375 0.018209821875 0.876934315625 0.037901715625 0.8683413124999999 0.0380345296875 0.8658070796875 0.036988421875 0.85957150625 0.0322401984375 0.8541296656249999 0.0077922546875 0.8528484031250001 0.0033323093749999997 0.8609280640625
2 0.394233946875 0.8488377671875 0.3779605171875 0.8393905703125 0.3454657859375 0.8376875937499999 0.32880747499999996 0.8426429609375001 0.321910359375 0.84863234375 0.315803659375 0.8574857687499999 0.335293740625 0.8803824109375 0.35565327343750003 0.885160825 0.366879825 0.8857491843749999 0.3811022171875 0.885605721875 0.4034110609375 0.8726618484375 0.4014825234375 0.8556251609375 0.394233946875 0.8488377671875
1 0.7073488671875 0.8855636265625 0.707102671875 0.890261309375 0.709247865625 0.9074130671875 0.7149759390625 0.9058323796875 0.7245666468749999 0.8978709015625 0.7383640765624999 0.8769635109375 0.7461876968750001 0.8623262687500001 0.7472138109375 0.8582620609375 0.74825171875 0.8384575812499999 0.747027603125 0.8352628921875 0.72900809375 0.8343185296875 0.71532236875 0.8588278078125 0.7073488671875 0.8855636265625
1 0.7903897640624999 0.28940309062499997 0.7866074390625 0.3211803375 0.7952151046875 0.33197643125 0.80786645625 0.3194730828125 0.815295021875 0.30557495156250003 0.8158668171875 0.2946644390625 0.8163336234375 0.2677999 0.812362896875 0.267591803125 0.79760795625 0.27285316718749997 0.7903897640624999 0.28940309062499997
2 1 0.1290478515625 0.9772910140625 0.118206246875 0.9548280265625 0.1170290109375 0.9393932640625 0.1266036734375 0.9117180421875 0.143021928125 0.884125575 0.144397259375 0.8654512609375 0.16410855468750002 0.8528490609375 0.1756740390625 0.8260250328125001 0.189315509375 0.809658490625 0.2053859890625 0.791080365625 0.24767324687499997 0.781406959375 0.27067765 0.7645332781249999 0.282959715625 0.7445678250000001 0.27344926406250003 0.7252233515625 0.27901861875 0.7059927859374999 0.295879440625 0.681362646875 0.2945886296875 0.66486659375 0.28620043906250003 0.6419387953125 0.279356134375 0.62540921875 0.28507308125 0.605050509375 0.2830656109375 0.5769173609375 0.2947575953125 0.5525288749999999 0.3324258296875 0.5524155125 0.3687098765625 0.5578642390625 0.38592364218749997 0.563672634375 0.4097394125 0.5883027859375 0.411030225 0.6075645359374999 0.42050372343750003 0.6129149859374999 0.43959322187499994 0.6380030718749999 0.44561030312499994 0.648721884375 0.4565171109375 0.656674990625 0.4663384625 0.9997538296874999 0.48793498281250003 1 0.4832377734375 1 0.1290478515625