1 0.6036369500000001 0.4193820203125 0.6098506390625 0.41438332187500004 0.6096232296874999 0.4013550890625 0.5986717640625 0.39277378125 0.57909426875 0.38685866562500004 0.559650215625 0.38858845 0.557599090625 0.3977400546875 0.5577235703125 0.40487147500000004 0.5749563281250001 0.41543421562500005 0.5859709171875 0.42036247187500003 0.5999521390625 0.420118428125 0.6036369500000001 0.4193820203125
1 0.515712584375 0.3258229828125 0.52760764375 0.333867878125 0.5312174656249999 0.3338048671875 0.5534998843750001 0.327608409375 0.558930328125 0.3200948625 0.5571841046875 0.30405733281249997 0.55246556875 0.29905374375 0.5517029546875001 0.29906705625 0.5363993453125 0.303795890625 0.5184428515625 0.31060075 0.5156709484374999 0.323437590625 0.515712584375 0.3258229828125
1 0.5017851703125 0.5246072765625 0.5024575359375001 0.509996284375 0.4951405953125 0.49508745625 0.4816861078125 0.4888075609375 0.4670471734375 0.500186325 0.461336459375 0.5231972921875 0.46137265781250003 0.5252710671874999 0.470015684375 0.5395918281250001 0.47666491874999994 0.539475765625 0.48532860156249996 0.5381034 0.5017851703125 0.5246072765625
1 0.4419968953125 0.47275408125 0.42733730000000003 0.4693005 0.41675547343749997 0.4759718734375 0.41716497500000005 0.49943220000000005 0.4271364125 0.507522790625 0.44886093593750004 0.5071435875 0.4568506140625 0.48733225625000004 0.4419968953125 0.47275408125
1 0.413180325 0.5358658296875001 0.42000406874999996 0.5373393078124999 0.4484347765625 0.5368430484375 0.45380125 0.5254239328125 0.4470692140625 0.5116373765625 0.436479078125 0.5026715 0.43251061875 0.5027407703125 0.41728187187500004 0.505205284375 0.41274050625 0.5145421531250001 0.4131059515625 0.5354785203125 0.413180325 0.5358658296875001
1 0.42126945156250006 0.555519103125 0.42117295312499997 0.5499907140625 0.413239340625 0.5357268453125 0.403251003125 0.5341778500000001 0.3991042703125 0.5342502312499999 0.385439578125 0.536907284375 0.3804155421875 0.5427594250000001 0.38043329843749996 0.5437767296875 0.3894511203125 0.55421734375 0.3991115140625 0.562707796875 0.41715525624999994 0.5623928421875 0.42126945156250006 0.555519103125
1 0.2805280015625 0.639604125 0.280511046875 0.6386327828125 0.276075434375 0.63034646875 0.25654646406250003 0.6272113328125 0.24834845468750003 0.6356968468749999 0.246228659375 0.6442385734375 0.24626322812499998 0.64621899375 0.24999685624999998 0.6465729796875 0.27005495156250003 0.646222865625 0.27464104375 0.6448547640625 0.2805280015625 0.639604125
1 0.5448706515625 0.6030541375 0.5280717828125 0.6033473625 0.5082573734375 0.6149477812499999 0.508608196875 0.635046421875 0.520819 0.63866115625 0.5345793750000001 0.6300785515625 0.5509753234375 0.6131074703125 0.5448706515625 0.6030541375
1 0.5761392578125 0.1126746953125 0.591351628125 0.11240916249999999 0.602941603125 0.101891190625 0.6029601859375 0.07938903593749999 0.5884859671875 0.079641684375 0.573140546875 0.083335478125 0.5648850203125 0.098917078125 0.5649433593750001 0.1022593390625 0.5761392578125 0.1126746953125
1 0.5851183718749999 0.21824281874999998 0.589511065625 0.20426207812500002 0.5819263953125 0.1879757890625 0.5739987125 0.18811416718750001 0.561420153125 0.1887627640625 0.5525390734375 0.197381096875 0.55277035625 0.2106312359375 0.5664974218750001 0.2197122765625 0.5698993234375 0.2237380125 0.5747491171875 0.223653359375 0.5851183718749999 0.21824281874999998
1 0.3190530984375 0.975932396875 0.32147969375 0.967311034375 0.3119907015625 0.9549629859375001 0.29327960000000003 0.9455567859375 0.2781810828125 0.9527952859375001 0.278256796875 0.9571328781249999 0.282530934375 0.9672956953125 0.2927638390625 0.9786896765625 0.3070257765625 0.9784407328125001 0.3190530984375 0.975932396875
1 0.240219815625 0.66080828125 0.2590763578125 0.6530210484375 0.25967283281250003 0.637836065625 0.251543596875 0.6329172828125 0.2231898765625 0.6334121984375 0.211697240625 0.6355773546875 0.21179570625 0.6412183875 0.2135653953125 0.6489490453125 0.22762905 0.657741225 0.23908224374999998 0.6608281375 0.240219815625 0.66080828125
1 0.21656528437499997 0.6303119015624999 0.2164173203125 0.6218350312500001 0.21185196718750002 0.6125181125 0.198835303125 0.6127453187499999 0.190452003125 0.6171233843749999 0.189537846875 0.6194752968749999 0.18981232812499998 0.6352003046875 0.1937753375 0.6444288546875 0.20683708437499998 0.6442008609375 0.21128581093749998 0.642889665625 0.21656528437499997 0.6303119015624999
1 0.5195313828125 0.39836642499999997 0.5185993984375 0.376564221875 0.5237978296875 0.355617384375 0.499773025 0.35120328125 0.4995678375 0.3512068625 0.48048328749999997 0.36670946875 0.48077295312499996 0.38330441875 0.48185653906250003 0.39667128281249997 0.501283490625 0.39996236406249996 0.508746559375 0.39983209531249997 0.5195313828125 0.39836642499999997
1 0.08469477343750001 0.85417701875 0.09480635 0.8501842234374999 0.0991626484375 0.8341184890625 0.0904502796875 0.8205389234375 0.0685809953125 0.8209206531250001 0.063437440625 0.8261115078125 0.0636700375 0.8394370171875 0.06404347031249999 0.8409883890625001 0.068812228125 0.848552321875 0.07993365 0.8542601234375 0.08469477343750001 0.85417701875