1 0.5385596640625 0.633471325 0.542666428125 0.62745455625 0.542228615625 0.619100590625 0.53685669375 0.6115480765625 0.5259903640625 0.6050569625 0.5127522828125 0.6061660640625 0.5034250515625 0.6079008531250001 0.4951107171875 0.6156932796875 0.495133571875 0.61612936875 0.5011520468749999 0.627955825 0.5081726671875 0.635063840625 0.5194178453125 0.6382124484375 0.5385596640625 0.633471325
1 0.46408371718749997 0.5203939078125 0.459521659375 0.5073424515625 0.4570295171875 0.5020737578125 0.44652030781249996 0.49182594999999996 0.430983903125 0.49672284062500005 0.4321952515625 0.5198367421875 0.434488 0.526513575 0.43848920312499995 0.528257953125 0.45905327656250006 0.5271802359375 0.46408371718749997 0.5203939078125
1 0.47579969687499996 0.45620483125 0.48826698906250005 0.4661927265625 0.489308 0.46613817031250004 0.4966540828125 0.457881940625 0.4998027234375 0.44663676093750004 0.5005530828125 0.43717929218749996 0.498317209375 0.42621630312500003 0.49743974687500003 0.41739816406249997 0.4860368890625 0.41113705781250004 0.484676953125 0.41120832968750004 0.46914464999999994 0.41878309375 0.4708086859375 0.45053480781250005 0.47579969687499996 0.45620483125
1 0.6295799078125001 0.74981066875 0.6356500031250001 0.740763165625 0.635514078125 0.7302441125 0.6328148953125 0.71044126875 0.6227551890624999 0.70623750625 0.6163429203125 0.7052104359375 0.6131943125 0.7164556140625 0.6130986 0.7225547437500001 0.6124640593749999 0.7342221546875 0.6284337843750001 0.749870734375 0.6295799078125001 0.74981066875
1 0.23438020625 0.9545270718750001 0.2423367625 0.9557721062500001 0.2423642421875 0.9562964515625 0.2564463015625 0.9555584421875001 0.262736690625 0.9408527843750001 0.26238923281250004 0.9342228890625 0.2581982203125 0.92557840625 0.2439129921875 0.9224490015625 0.2397421140625 0.9221135671875 0.2353018234375 0.9245623140625 0.2284254453125 0.93600285625 0.2274577171875 0.942214671875 0.22791288281250002 0.9508997453125 0.23438020625 0.9545270718750001
1 0.03183380625 0.6919524890625001 0.04251216875 0.6913928609375 0.045539471875 0.6866751328125 0.053436109375 0.678785353125 0.048939190625000004 0.666976453125 0.0368376328125 0.658058084375 0.030695078125000004 0.657134015625 0.02304706875 0.6591961578125 0.01105040625 0.6642368921874999 0.01210625 0.68438358125 0.0180234625 0.690193834375 0.03183380625 0.6919524890625001
1 0.202374146875 0.6736269828125 0.2026630578125 0.672964284375 0.20148883125 0.6505586984375 0.1996942328125 0.64449643125 0.18381015625 0.6425588390625 0.1732728015625 0.6475431609375 0.17051822656249999 0.6504575640625 0.170025221875 0.65242754375 0.17089559999999998 0.669035334375 0.174272790625 0.6750997125 0.202374146875 0.6736269828125
1 0.322603353125 0.6360331515625 0.3304846640625 0.635620109375 0.33875045 0.6270185921875 0.34498554531250003 0.617232721875 0.34493714375 0.6163091921875 0.332357265625 0.61074045 0.31956313125 0.6097496359375 0.3045373703125 0.6084604546875 0.291255875 0.608741184375 0.2899123078125 0.6113044750000001 0.2903967390625 0.6205479781250001 0.29097575 0.62453838125 0.2978444203125 0.62874703125 0.3097289109375 0.63352349375 0.322603353125 0.6360331515625
1 0.2920126796875 0.5437576843749999 0.296268428125 0.5409679281249999 0.29749585 0.5381551140624999 0.2965475453125 0.5200603874999999 0.2961795359375 0.5181294421875 0.2903014765625 0.5059400578125001 0.281379071875 0.5064076609375 0.27541775625 0.5138630921875 0.277025628125 0.544543121875 0.2920126796875 0.5437576843749999
1 0.3722844078125 0.6007326 0.37383945 0.6035692703125 0.383854315625 0.606224171875 0.3894106578125 0.6059329765625 0.3913802875 0.605420034375 0.3932485640625 0.6014440750000001 0.39487539374999997 0.601373165625 0.397889071875 0.5790405453125 0.394497490625 0.5698001421875001 0.385721396875 0.5608419359375 0.3778517703125 0.5612543640625 0.37132285 0.5793247984375001 0.3712048390625 0.5801332078125 0.3722844078125 0.6007326
1 0.0543768546875 0.46815299843749997 0.0640080015625 0.47221688906250003 0.0876131359375 0.4680724859375 0.099230403125 0.465934384375 0.0989343578125 0.46028551875 0.0952591015625 0.4448286265625 0.083840265625 0.4383664578125 0.0653041984375 0.43352327500000004 0.0510045640625 0.43551867343749995 0.0444482265625 0.4390909484375 0.04141683125 0.43228317812499994 0.03738990625 0.45029988593750003 0.0374049953125 0.4505878140625 0.0383861734375 0.45902312656250005 0.0543768546875 0.46815299843749997
1 0.301107059375 0.427497390625 0.304742809375 0.4273068484375 0.3080313109375 0.42629882031250005 0.3139836015625 0.42100079062500007 0.3179895765625 0.410264703125 0.3185082796875 0.3963873109375 0.31541507343749997 0.38491523125 0.311849771875 0.37235989375 0.30010760937500003 0.3702052328125 0.293393725 0.37918194843749997 0.29528532812499997 0.41527587187500004 0.301107059375 0.427497390625
1 0.4842940984375 0.3962381734375 0.47479123124999995 0.399967596875 0.4651099171875 0.41057310625000004 0.4652365828125 0.41299001874999997 0.46427815937499994 0.4154905125 0.464894971875 0.4272600015625 0.4699478109375 0.4309197453125 0.4753210109375 0.4306381484375 0.48542454218750003 0.428089021875 0.4933365625 0.42484688750000005 0.5080437390625 0.4176133234375 0.5112550734375 0.410963828125 0.51087740625 0.40375750000000005 0.5065564203124999 0.39951463593750003 0.495598915625 0.3960496390625 0.4842940984375 0.3962381734375
2 0.4507397390625 0.9165362765625 0.43612783437499997 0.9218994421875 0.4103111421875 0.9140577109375 0.4330417875 0.8964473140625 0.45090813281250003 0.8863162546875 0.4659817796875 0.873047728125 0.4642500015625 0.85671935 0.447837596875 0.8444441812499999 0.461419809375 0.81943206875 0.43329104375 0.8176224062499999 0.4124605703125 0.8213411078125 0.38361426875000004 0.8392720125 0.3733019453125 0.8430963374999999 0.36093350156250004 0.8411174671874999 0.3588428546875 0.8346593796875 0.3866438828125 0.813499428125 0.386163325 0.8043298390625001 0.379258190625 0.7895861984375 0.36234978125 0.78456138125 0.34449905468750003 0.7782725390625 0.3259118703125 0.774649215625 0.303383878125 0.76269455 0.288547175 0.747052971875 0.28825379375 0.7247383671875001 0.278933671875 0.714061821875 0.25961018125 0.7131042078125 0.2415534609375 0.7028855265625 0.225808784375 0.6866347328125 0.20453202187500003 0.681838953125 0.1450545375 0.683642525 0.1120614359375 0.6893121515625 0.0719417828125 0.6927282453125 0.0682256703125 0.7054015984374999 0.0840732703125 0.7236172171875 0.091405825 0.7298005890625 0.09755574375 0.7301350906249999 0.1068758640625 0.7408116359375 0.112273921875 0.76023169375 0.126664396875 0.7673586875 0.139326325 0.7916522078125 0.1467806359375 0.8168753546874999 0.14767309687500002 0.833904521875 0.13976030781249998 0.85008154375 0.13573853281249998 0.89035504375 0.1441163609375 0.899767459375 0.168460296875 0.9129405171875 0.187577834375 0.9099682921875001 0.20287301093750001 0.8842096015625 0.20776843281250001 0.843890365625 0.19647625468750002 0.8123007015624999 0.1881139390625 0.7864683359375 0.1763412015625 0.7457090796875 0.18403252187500002 0.7420221687499999 0.209215809375 0.7544943796875 0.2176778046875 0.7487968640625 0.2288637421875 0.74492680625 0.244146640625 0.76908286875 0.26309581875 0.7963307140625 0.2844069765625 0.8017815 0.296363553125 0.7959007359375 0.309743046875 0.8004536921875 0.29900330468749997 0.8128383343750001 0.26876847812500004 0.8209905281250001 0.254705778125 0.8368331453125 0.2428366 0.8610987281250001 0.21863320156250002 0.8840404484375 0.200888675 0.9132112812500001 0.194688890625 0.9286418234375 0.20558471250000002 0.9359519609375001 0.24037824218749998 0.9479205734375 0.252865278125 0.9354444078125 0.2577108625 0.9108901140624999 0.26367037031249996 0.8908748265625 0.2741698359375 0.873905440625 0.3026728484375 0.849424871875 0.3218934296875 0.8484175640625 0.34390654062500003 0.85054773125 0.3574919875 0.859030475 0.36936436562499997 0.86825975 0.368628021875 0.8709254124999999 0.3510551921875 0.9033711234374999 0.35806320625 0.9200797390625001 0.3876491484375 0.9329780218750001 0.3959084234375 0.9568455218749999 0.3827193671875 0.9726423046875 0.3805102671875 0.98063929375 0.3962420265625 0.99360674375 0.41488342031250003 0.9926297890625 0.441529125 0.9748143562499999 0.46064669374999995 0.9718421312500001 0.490366640625 0.9538654421875 0.4966007171875 0.9390899109375 0.5255311796875 0.9060489703125001 0.5262487796875 0.8863084015625 0.5041326921875 0.8822133624999999 0.4834051296875 0.8878969859374999 0.4699414734375 0.8984540671874999 0.4507397390625 0.9165362765625
2 0.10298921718750001 0.62161244375 0.09106689999999999 0.6281481671875 0.0803075578125 0.642258446875 0.08036619687499999 0.6433773546875 0.10478751875 0.649013040625 0.16109621406250002 0.6460620265625 0.19027089218749998 0.6321437796875 0.20635562031250002 0.621449334375 0.22122334999999999 0.6042510156249999 0.21647747499999997 0.5972753265625 0.20292635625000002 0.5894475921875 0.1879710953125 0.588261046875 0.1635087046875 0.5895430671875 0.1446313796875 0.5971000375 0.12243116093749999 0.6081149828125 0.10298921718750001 0.62161244375
2 0.1482515453125 0.532728621875 0.1493156296875 0.553032571875 0.152142584375 0.5568249984375 0.154900859375 0.559307515625 0.1676812765625 0.5691459578125 0.1915100234375 0.57249446875 0.1915109296875 0.572494421875 0.22537714062499997 0.5667790515625 0.23687200625 0.568803653125 0.2480066078125 0.5695336078125 0.2692660953125 0.5684194453125 0.27436800156249996 0.556327315625 0.274170596875 0.552560621875 0.2535369015625 0.5357488203125 0.22107422968749998 0.53482304375 0.20853398906249998 0.5295693531250001 0.1871199875 0.5221536437500001 0.1827891671875 0.5197536031250001 0.1628695296875 0.5207975484375 0.15059794375 0.5273515078125001 0.1482515453125 0.532728621875
2 0.33930017343749996 0.392252934375 0.32179266093750003 0.3925137078125 0.2992491234375 0.3969789921875 0.2870042296875 0.406539084375 0.287043434375 0.40728714843749997 0.3005534875 0.42186773750000006 0.32148693125 0.42011385625 0.3372815140625 0.4205996578125 0.34929126093749996 0.43244880625000004 0.3692386640625 0.445831784375 0.40407512656250005 0.4440060828125 0.4137549296875 0.442205715625 0.42529963437499996 0.42846537656250006 0.432659009375 0.4092650265625 0.4325692515625 0.4075523484375 0.42330876406250006 0.3904773015625 0.4166782609375 0.38097331093750003 0.404263284375 0.37149764687500003 0.40208755937499996 0.371611671875 0.3955731546875 0.3794523109375 0.3813576078125 0.409095003125 0.371148290625 0.41488419375 0.35871109375 0.41159536562500004 0.3522522171875 0.405366209375 0.33930017343749996 0.392252934375
2 0.36336711718750003 0.506977115625 0.34639003125 0.5006424375 0.34191875625 0.4989064515625 0.329806034375 0.485092434375 0.3111808859375 0.4801673484375 0.31113665468749996 0.4801696671875 0.3010438953125 0.48791330468750005 0.29480972968749997 0.4957665015625 0.2951923421875 0.5030671703125 0.30202381875 0.5233272890625 0.31101009999999996 0.535991671875 0.3377940015625 0.5372150328124999 0.3625310609375 0.5411727125 0.3740602515625 0.5438523203125001 0.3896488515625 0.540408334375 0.39649139375 0.5288846890625 0.39449865 0.54933913125 0.394529478125 0.549337515625 0.428894871875 0.537037975 0.43048608125000004 0.517251625 0.42976525 0.5034973359375 0.4276747375 0.49703924375 0.4220551515625 0.49010934375000004 0.40780197500000004 0.485602178125 0.4043073578125 0.48578532343749997 0.3929343140625 0.50280049375 0.3811149078125 0.5113011375000001 0.36336711718750003 0.506977115625
2 0.26017993437500003 0.2186770984375 0.289417846875 0.2157677015625 0.30420358593749997 0.20581222187499998 0.3041664484375 0.19342038125 0.3119954453125 0.1792391921875 0.315539215625 0.1767583234375 0.3195365484375 0.1595647140625 0.2822886015625 0.161516796875 0.2669510734375 0.1609435359375 0.2889203171875 0.1478574125 0.32438440625 0.14691686406249999 0.3384046984375 0.14572306875000002 0.34659355937499997 0.13840846406250001 0.340098915625 0.0845833265625 0.3326994484375 0.0835940296875 0.3020963625 0.083820784375 0.28564441406249996 0.0736662765625 0.265099165625 0.07887428125 0.2524092109375 0.09376924375 0.24411354843750002 0.11072906093749998 0.218504525 0.12446499375 0.2020177453125 0.12532902968749998 0.168385540625 0.1261735390625 0.1500908640625 0.1275913796875 0.1409709515625 0.1638736234375 0.12600869374999998 0.2055114046875 0.116299878125 0.21887306562500003 0.0839608734375 0.22102690468750003 0.06589297968749999 0.21508835624999997 0.048788046875000005 0.2199615015625 0.050043092187500006 0.24390917656250002 0.0649750515625 0.25599010624999996 0.06563364687499999 0.2568736375 0.086024084375 0.26039531562499996 0.0987883171875 0.27028406562499996 0.1125341671875 0.27778635937499996 0.12462516406249999 0.277152696875 0.1378681515625 0.268235978125 0.1475769890625 0.2548743171875 0.15750174687500001 0.24563261249999999 0.16776235 0.242799728125 0.1798068609375 0.238955309375 0.20109354062499998 0.22452785468749997 0.20402669843750001 0.2220789859375 0.2147060359375 0.21555190781250003 0.2287743125 0.21527367812499998 0.26017993437500003 0.2186770984375
2 0.266630421875 0.18681395781250001 0.2662501265625 0.18965835625 0.2669974421875 0.20391797031249997 0.27309968125 0.20991499375 0.2827441046875 0.2094095515625 0.2933217078125 0.20562097812500002 0.31075881875 0.1967472734375 0.3224244078125 0.17409311562500002 0.3248607703125 0.1592702828125 0.312434165625 0.13236806406249998 0.303864525 0.135266340625 0.30429028593749996 0.1346317125 0.2763369109375 0.1618133109375 0.27067386718750003 0.16762075625 0.266630421875 0.18681395781250001
2 0.3064543140625 0.6719339078125001 0.28104808281250004 0.6778556874999999 0.286018178125 0.69090708125 0.2953105921875 0.7046499984375 0.33864079375 0.7019201359375 0.3446990359375 0.7006845921875 0.3656281125 0.7028009390625 0.3803069921875 0.7049826703125001 0.4065612609375 0.7036067421875 0.40986768281249997 0.6940560203125 0.40865727500000004 0.6826437140625 0.40820144999999997 0.673946065625 0.39575996406249997 0.6585320593749999 0.38145173125 0.654232571875 0.35221384218749996 0.6571419671875 0.3447184359375 0.6543215906250001 0.3272743046875 0.660285115625 0.316570996875 0.666354396875 0.3064543140625 0.6719339078125001
2 0.226293678125 0.31136181875 0.2541598796875 0.3172324125 0.273192071875 0.2902432359375 0.2608119484375 0.25756928125 0.23357268593749997 0.2636620265625 0.2268982453125 0.2720092609375 0.2251790609375 0.29009365625 0.22308651875000002 0.291558571875 0.22374781562499998 0.3041768890625 0.226293678125 0.31136181875
2 0.5616585609375 0.2641230765625 0.541117496875 0.25219597031249996 0.5279613546874999 0.252885453125 0.48301524687499997 0.25624840781249997 0.461513315625 0.2700379375 0.42798282656250003 0.29178885625 0.4056431046875 0.31174353125 0.40661300625 0.330250346875 0.411768696875 0.33862400312499996 0.42367691250000006 0.34533091875 0.469901109375 0.3622356265625 0.4910580734375 0.375788884375 0.4986032734375 0.3840573453125 0.5070889328125 0.41027084374999995 0.52471874375 0.44133678125 0.5441564890625 0.4729744125 0.560257046875 0.5087856609375 0.5675426515625001 0.52906394375 0.6081497859375 0.5236035359375 0.6282617593750001 0.5172178515625 0.6562515125 0.5424091828125001 0.661903371875 0.5654389171875 0.6279549046875 0.5792142984375 0.5945795203124999 0.5869615359375 0.567359378125 0.610381078125 0.5572084578125 0.6202434484375 0.6234395640625 0.6457946078125001 0.6263306015625 0.7009589078125 0.5801097890625 0.718043234375 0.5753320390625001 0.745618284375 0.5440589874999999 0.74259206875 0.5465287296875 0.755791740625 0.548460721875 0.7586581812500001 0.56323766875 0.769213475 0.6014480437499999 0.7858717234375 0.5462033171875 0.7834353140625 0.5041871718750001 0.7789727328125 0.50502313125 0.794923809375 0.51693141875 0.801630771875 0.5681962125 0.8129397015625001 0.5773055281249999 0.8171274687500001 0.543790815625 0.8222161765625 0.5292071093749999 0.8323108109374999 0.529295865625 0.850966928125 0.55552825625 0.8595889765625 0.5957171265625 0.8751922406249999 0.6244920234375 0.8736842125000001 0.6659828734375 0.8637971249999999 0.6866488421875 0.8340564687500001 0.7032967125 0.7785346734374999 0.7469627765625 0.6356284140625 0.7448951593750001 0.5961759343749999 0.7360218546875 0.5209007671875 0.7030006 0.41666493125 0.635457809375 0.33223261718749997 0.5861527109375 0.27350269374999997 0.5616585609375 0.2641230765625
2 0.45543667499999996 0.5996147046875 0.4442598578125 0.6068650109375 0.42628836249999996 0.6371309015625 0.43053117656250006 0.6502376515625 0.445172115625 0.692123503125 0.46205131875000005 0.7528208140625 0.464040125 0.7637783140625001 0.48659051875000003 0.7635630015625 0.495392803125 0.76310169375 0.5066798968749999 0.7462151640625 0.505669775 0.7269408875 0.502243834375 0.7124584390625001 0.4861590515625 0.6599849796874999 0.4879827296875 0.6438944671875 0.509763315625 0.635421996875 0.504459775 0.6190385578125001 0.4881815921875 0.5929333890625 0.48572534218749996 0.593062115625 0.45543667499999996 0.5996147046875
1 0 0.42380799687500004 0.0088080453125 0.4276479609375 0.022210784375 0.42894493906250003 0.025567696875 0.4294206421875 0.045774253125 0.42836166093749994 0.0445907453125 0.40577900937500005 0.036287784375 0.392218596875 0.019582659375 0.3957599078125 0.0135161671875 0.3987436703125 0.0075192703125 0.4030566765625 0.00333034375 0.40794137656249996 0 0.4135500296875 0 0.42380799687500004
2 0.19811147812500002 1 0.19763548749999998 0.9991087562500001 0.1863044875 0.9863678234375 0.1763491890625 0.974443796875 0.175559334375 0.9593724531250001 0.1765775390625 0.940650396875 0.1924538546875 0.9638209390625001 0.1980638328125 0.9564149984375 0.206007109375 0.942663940625 0.20540310625 0.9311388718750001 0.183963225 0.9162607765624999 0.17592240312500002 0.91596848125 0.171110759375 0.9162206484375 0.1649677671875 0.9225901140625 0.1502388078125 0.9340299109375 0.14962065 0.9349512796875 0.1490650828125 0.9391536515625001 0.1522539046875 1 0.19811147812500002 1
1 0 0.130004246875 0.0018657890625 0.1349629484375 0.0073804703125 0.1409146 0.0315401671875 0.13964844375000002 0.0344243359375 0.1285914375 0.027452149999999998 0.1142948109375 0.0179945171875 0.10346074375 0.0009410734375 0.10035573125 0 0.101082653125 0 0.130004246875