1 0.4101546984375 0.628703653125 0.40365242500000004 0.6665305125 0.40345100624999997 0.6703738265625 0.42863939687499997 0.6824528203125 0.4288607296875 0.68246441875 0.449486215625 0.6577702624999999 0.44955592187500004 0.6564401671875 0.4350908578125 0.6280283765625 0.4324961359375 0.6278923921875 0.4101546984375 0.628703653125
1 0.36264853124999996 0.67175668125 0.3805809765625 0.6814988296875 0.3966167 0.682339225 0.413969659375 0.678652296875 0.4144131953125 0.6701891343749999 0.4076924453125 0.6526466625 0.3791432953125 0.651150465625 0.36264853124999996 0.67175668125
1 0.29372979374999997 0.6247635500000001 0.31051532187499997 0.634016803125 0.31210113437500003 0.6340999125 0.3388528796875 0.6192062578125 0.3390591765625 0.615269878125 0.3288051359375 0.5896006468749999 0.3274664203125 0.5895304890624999 0.293348740625 0.600520259375 0.29372979374999997 0.6247635500000001
2 0.19077125156250002 0.9344115640625 0.21068158593750003 0.9152864546874999 0.213203871875 0.8671583515625001 0.1854690578125 0.8573345609375 0.169034171875 0.887302925 0.1845703890625 0.934086590625 0.19077125156250002 0.9344115640625
2 0.12783368281250002 0.70657098125 0.1136571015625 0.7564767796874999 0.1260873125 0.766733971875 0.12874284375 0.7668731421875 0.156790321875 0.7213012546875001 0.1698905609375 0.678549053125 0.1700463671875 0.6755760937499999 0.1447289375 0.6678182640625 0.12783368281250002 0.70657098125
2 0 0.8776713781250001 0.0355033171875 0.8552173875 0.015587653125 0.8255460890625 0.02283069375 0.7818832828125 0.06553932343749999 0.7863236640625 0.06726570468750001 0.753382340625 0.064396165625 0.71359379375 0.088375828125 0.6972335562499999 0.10105621406250001 0.6758769046875 0.091022946875 0.6467235234375 0.0928644203125 0.611586109375 0.0776597734375 0.5865659484375 0.0413885375 0.5538353734375 0.024484171875 0.5518696171874999 0.00671668125 0.5509384625 0 0.5885505703125 0 0.8776713781250001
2 0.1753539515625 0.648918559375 0.20962071875000002 0.65532809375 0.24837132187500002 0.6573589281250001 0.24923469687500002 0.65733234375 0.2507379578125 0.62864839375 0.25058707812500003 0.600010478125 0.21871735625 0.6093508578125 0.1753539515625 0.648918559375
1 0.656748446875 0.8065080578125 0.6567129046875 0.807186234375 0.6738328984375 0.8340202859374999 0.7078254875 0.84572555 0.717666675 0.8462413046874999 0.7216090578125 0.839291590625 0.72198086875 0.8321970015625 0.69141595625 0.813959228125 0.656748446875 0.8065080578125
2 0.55787641875 0.684768778125 0.6050553078124999 0.6916983859375 0.6227959234375 0.6926281328125 0.661277215625 0.67686328125 0.661426075 0.6740228671875 0.6369005203125 0.6351034546875 0.6228142859375 0.6062921140624999 0.61177760625 0.5788103046875 0.5756719953125 0.553523828125 0.54316615 0.519068303125 0.48784618750000003 0.5033022625 0.50699225625 0.554603328125 0.5144291703125 0.591254184375 0.5271093203125 0.6468952359375 0.55787641875 0.684768778125
2 0.44201521718750003 0.5002940234375 0.411359928125 0.504925915625 0.401727146875 0.532494196875 0.424466553125 0.5539332984375 0.4625234546875 0.5559277765624999 0.48556600000000005 0.5365756015625001 0.48575340625 0.53299968125 0.4700114328125 0.5017612421875 0.44201521718750003 0.5002940234375
2 0.270213190625 0.24931729218749998 0.23307624218749998 0.26821236718749997 0.25210609375000004 0.296563940625 0.2412273015625 0.33637390312500004 0.21333525937500003 0.346635396875 0.176266390625 0.36423145468749996 0.16822114375 0.3872563296875 0.1900164609375 0.4001218265625 0.23621524374999997 0.3947274984375 0.2446643703125 0.41991939218749996 0.2559766296875 0.45278910312500004 0.2670249671875 0.453368121875 0.2909054765625 0.45099962812500005 0.2952579109375 0.42387346875 0.306294021875 0.3997027546875 0.29261203125 0.3625133671875 0.282261296875 0.3176830625 0.3273027421875 0.33437200625 0.334373728125 0.3112960703125 0.3236826015625 0.2729608453125 0.3125149234375 0.24371873125 0.270213190625 0.24931729218749998
2 0.3318770453125 0.45376120625 0.2996410046875 0.4493662546875 0.2685231984375 0.46889550937499996 0.2633196390625 0.5005325984375 0.263215959375 0.502510909375 0.276296015625 0.5054872578125 0.2897965796875 0.5061947921875001 0.306660434375 0.4948756078125 0.324353128125 0.480285459375 0.331612234375 0.45881409218749997 0.3318770453125 0.45376120625