1 0.40293156718749995 0.39714560312499997 0.44766277031249996 0.3787246796875 0.4475986328125 0.377807459375 0.407066378125 0.32637227343749997 0.4060748046875 0.3264416109375 0.36605297187499997 0.35401728593750004 0.366112259375 0.35486512187499997 0.40090579843749996 0.397287259375 0.40293156718749995 0.39714560312499997
1 0.325624615625 0.2274445484375 0.323263196875 0.2276096734375 0.29251653125 0.24317008437499998 0.2949086453125 0.2773789125 0.299576659375 0.3053745609375 0.3395356765625 0.28712255937500003 0.3388757140625 0.277684653125 0.325624615625 0.2274445484375
1 0.2706121390625 0.36410776093749997 0.27251506718749996 0.3303761078125 0.2391265375 0.3161873546875 0.23784272343750001 0.316277128125 0.21363471875 0.347072125 0.213797428125 0.34939897656249996 0.2692507 0.3642029625 0.2706121390625 0.36410776093749997
1 0.44648249062499995 0.048943501562500005 0.40102777500000003 0.0264579953125 0.3791723484375 0.0488472953125 0.3791831796875 0.0490021828125 0.431123796875 0.067814278125 0.43550869375 0.06750765625 0.4466867859375 0.051865065625 0.44648249062499995 0.048943501562500005
1 0.5539621171875 0.856630996875 0.556349325 0.8991714 0.5822435453125 0.9030573078125 0.596788409375 0.90204023125 0.5961594031249999 0.8930450265625 0.5904008671875001 0.85201404375 0.5713598281250001 0.8533455234374999 0.5539621171875 0.856630996875
1 0.6691162421875 0.8157303171875 0.6372545546875 0.8266627062499999 0.65370795 0.8884659921875 0.6753591875 0.8808304765624999 0.67374133125 0.8576940671875001 0.6691162421875 0.8157303171875
1 0.7534041171875 0.46180097499999995 0.7340499859375 0.48716751875000003 0.734227953125 0.4897125765625 0.7799287265625 0.49295600000000006 0.8003355437499999 0.49152901718750003 0.8050210265625 0.4706572578125 0.7534041171875 0.46180097499999995
1 0.635199578125 0.26070662499999997 0.6362202531250001 0.2753029734375 0.644227740625 0.32261271406250003 0.671010184375 0.32969299531249996 0.661715925 0.261299284375 0.635199578125 0.26070662499999997
1 0.30680569062499996 0.4699139375 0.3074414734375 0.47900606406249996 0.3110437265625 0.4787541703125 0.3518869265625 0.4510572921875 0.3449624625 0.42532843593749997 0.30815576875 0.417556803125 0.30680569062499996 0.4699139375
1 0.1673685359375 0.048666271875 0.20953327187499998 0.042025795312499996 0.20951846562499998 0.0418140640625 0.2025633546875 0.019577846875 0.20169284375 0.01963871875 0.16193233906249999 0.033281378125 0.1621428171875 0.036291356250000004 0.1648160828125 0.048844756249999996 0.1673685359375 0.048666271875
2 0.2834056671875 0.1497481078125 0.296450109375 0.15901230156249999 0.31279651875000003 0.16380219375 0.3144539703125 0.16368629375 0.3209063765625 0.157494503125 0.3203575546875 0.14964598125 0.3179607953125 0.12570707812499998 0.2897595328125 0.10902574062499999 0.2880277140625 0.10914684062499999 0.2761824734375 0.1146360859375 0.2712508234375 0.11713461875 0.2770923265625 0.14128530156250002 0.2834056671875 0.1497481078125
2 0.53485088125 0.7417610078125 0.52432399375 0.7412250953124999 0.516952034375 0.7606290578125 0.5331157390625 0.7851317875 0.545452046875 0.7842691484375 0.554385634375 0.762019825 0.56749383125 0.75855901875 0.5770717921874999 0.7591613328125 0.5934693671875 0.76183081875 0.5989222328125 0.7716259421875 0.6040393484375 0.7903247984374999 0.6042108578125001 0.7903128046875 0.6303506203125 0.7846926703125 0.6422443421875 0.777500771875 0.6428601296875 0.7552423390625 0.6422423015625001 0.7464070046875 0.63179553125 0.723533628125 0.615486396875 0.7221299796875 0.5989117875 0.7169287796875 0.5868162765625 0.707598253125 0.5699680671875 0.6846315281249999 0.5699128234375 0.684635390625 0.5535785359375 0.6959299734375 0.556740390625 0.7275099234375 0.558928559375 0.74516551875 0.53485088125 0.7417610078125
2 0.49641079374999997 0.6406546859375 0.484681265625 0.6548250906249999 0.48317703125 0.6626087328125 0.48524083906250004 0.6921225484375 0.5188090171875 0.6897752328125 0.51973414375 0.689314728125 0.5186024953125 0.673131403125 0.5096665265625 0.6483100296875 0.49641079374999997 0.6406546859375
1 0.257954415625 0.8061972828125 0.26272902343750004 0.7950360609375 0.26136940000000003 0.77559255 0.2500377453125 0.765746709375 0.23598058281249998 0.764822540625 0.21732458281249997 0.7708950171875 0.208083715625 0.7828742421875 0.2094054109375 0.8017753546874999 0.2233308953125 0.8169465265625 0.245347578125 0.8154069703125 0.24949157500000002 0.81251048125 0.257954415625 0.8061972828125
1 0.11339247187499998 0.1226701125 0.12228697968749999 0.127136309375 0.1407846296875 0.1288409734375 0.14175220156249999 0.1287733140625 0.1527170046875 0.11228801562499999 0.15346414375 0.095699234375 0.14434361874999999 0.08630158593750001 0.1302042984375 0.0872903046875 0.117822128125 0.090559309375 0.109724271875 0.097485778125 0.10948340781250002 0.10767898281249999 0.11339247187499998 0.1226701125