1 0.207995925 0.20951984218750003 0.20515736874999999 0.2207297046875 0.20856015781249998 0.230834325 0.220657909375 0.240005296875 0.226318678125 0.241326134375 0.23376537343749998 0.2406135296875 0.2432991671875 0.2287065015625 0.2443732625 0.21334623281249998 0.24432700000000002 0.21298535937500002 0.234350446875 0.2088850828125 0.2176157453125 0.207714878125 0.207995925 0.20951984218750003
1 0.2952991375 0.201851640625 0.294976478125 0.20646588437500002 0.3003967234375 0.2141049484375 0.30361536875 0.215273371875 0.3140732640625 0.21600465937500002 0.3223279015625 0.21193851718749998 0.3264027734375 0.2050360140625 0.3264325 0.2046109109375 0.3219580421875 0.19372095625000002 0.3052345171875 0.1919348640625 0.296174803125 0.1980846921875 0.2952991375 0.201851640625
1 0.3707990859375 0.10016275 0.380080346875 0.1052787859375 0.3874006765625 0.1060033703125 0.394186375 0.10626517656250001 0.40221895625000004 0.10491241093749999 0.40774119999999997 0.0989171125 0.40895076875 0.099713715625 0.41085878749999993 0.072427778125 0.39288415468750004 0.0711708703125 0.3832515265625 0.0761458203125 0.37772928281249996 0.08214112812499999 0.370173871875 0.09288670624999999 0.3707990859375 0.10016275
1 0.3428556453125 0.0821703984375 0.3413275015625 0.0878068625 0.3433337140625 0.0956049015625 0.34562115625 0.0993810171875 0.34979375625000003 0.10052364843749999 0.35365375 0.0980282515625 0.36137462187499997 0.09707915624999999 0.3673319265625 0.0901082953125 0.36842159531249996 0.074525309375 0.367618815625 0.0741030921875 0.3500820171875 0.07287679999999999 0.3483029796875 0.0731918328125 0.3428556453125 0.0821703984375
2 0.727990653125 0.5322869015625 0.7296645109375001 0.5083496249999999 0.7295481265625 0.5065826546875 0.72985048125 0.5056901140625001 0.7307556171875 0.4927460671875 0.717173659375 0.482782 0.7094624640625 0.46353234062500004 0.6896561203125 0.4488690125 0.6706670859375 0.4354699453125 0.6645371890625 0.4259878796875 0.6528269812499999 0.424539353125 0.642199840625 0.42379623125 0.6503727125000001 0.46664319218749994 0.6603985046874999 0.498125884375 0.6667464203125 0.52391933125 0.6656544281250001 0.5395355562499999 0.6628018046874999 0.5544251171875 0.6583951390625 0.591537803125 0.65932715 0.597638590625 0.6717129468749999 0.6148008296875 0.680924809375 0.6190663437499999 0.695158290625 0.6232888796875 0.6971201671875 0.6234260671875 0.7061424125 0.608154953125 0.7072490953125 0.55994743125 0.723506853125 0.5411667375 0.727990653125 0.5322869015625
2 0.679209934375 0.4460736359375 0.66704935625 0.45193515 0.6710518171875 0.466303325 0.671087875 0.466200546875 0.67274201875 0.47233074375 0.6887807078125 0.489251190625 0.7040406906250001 0.49194373437500005 0.704592815625 0.4919823421875 0.722432546875 0.47737539375000004 0.7225526125 0.47565838437499997 0.718088065625 0.44823294999999996 0.6987294375 0.4434123203125 0.6945215484375 0.4431180765625 0.679209934375 0.4460736359375
2 0.619027225 0.39554848125 0.6086768328125001 0.3948247109375 0.587762634375 0.39606695 0.588908515625 0.41167478125 0.6000456640625 0.43637466406250003 0.6011004796874999 0.43728774687499994 0.60766455625 0.4473991296875 0.6153126546875 0.45800592812499996 0.6273551453125 0.4697594140625 0.647428634375 0.4748122875 0.6485455250000001 0.45884000937499997 0.64196748125 0.44476178749999995 0.6373068 0.431426178125 0.6282482640625 0.40099632031250004 0.619027225 0.39554848125
2 0.9097728937499999 0.4111804515625 0.9027003562499999 0.4106858921875 0.8425191421875 0.41061716718749997 0.8150997625 0.4107981578125 0.7973327546875 0.403317871875 0.79698929375 0.4032938546875 0.777251103125 0.4081515203125 0.767498603125 0.4196399234375 0.7885926765625 0.42992800156250005 0.7954470578125 0.42788929062500003 0.8309525828125001 0.43205075624999995 0.8567330453125 0.4393091828125 0.8776478375 0.4418266734375 0.882196175 0.442144725 0.9034563734375001 0.43502237499999996 0.9138205375 0.42832219531250004 0.9139975921874999 0.42579019218749997 0.9097728937499999 0.4111804515625
2 0.2792330421875 0.5579769109375 0.282746115625 0.5477308671875 0.272373434375 0.5360941609375 0.25710994375 0.5304104890625 0.22895879687499998 0.5330583140625 0.21601273124999998 0.542225075 0.20332781249999998 0.539659378125 0.1892925421875 0.5244092359375 0.187262128125 0.5235543859375 0.16934346875 0.5223013921875 0.1551081578125 0.5333498671875 0.15730881562500001 0.5498707953124999 0.1740394625 0.566568440625 0.1696175921875 0.5738132515625 0.17541896875000001 0.5788352796875 0.1879029671875 0.600271971875 0.1916857796875 0.618162584375 0.20771205468749998 0.6289355796875 0.2314121703125 0.6339502078125 0.2558732984375 0.6360803609375 0.26234803906250004 0.639470784375 0.28053885 0.6352871437500001 0.3017613546875 0.6246227828124999 0.30314515468750003 0.6048335125000001 0.302560471875 0.6003159250000001 0.29895456249999997 0.5878933953125001 0.278944509375 0.5781007953125 0.2792330421875 0.5579769109375
2 0.257969759375 0.63030925 0.2526140328125 0.6299347421875 0.2309609 0.6379582187499999 0.22667529218750002 0.657234734375 0.24377693906250003 0.67073561875 0.2564793109375 0.68113231875 0.28024195937499996 0.707404003125 0.29871038437499997 0.71815014375 0.3004425375 0.710680815625 0.3030575890625 0.6732838250000001 0.29815664218750004 0.6672670859375 0.2830652984375 0.6550253984375 0.2713643703125 0.636308928125 0.257969759375 0.63030925
2 0.55957198125 0.729753978125 0.54891249375 0.7462149765625 0.5463665843750001 0.758626990625 0.5527554859375 0.7712441250000001 0.565675803125 0.7784426234375 0.5923323609375 0.773172271875 0.6249877625 0.7381053078125 0.63011396875 0.7367850953125 0.663829371875 0.72655265625 0.6761294671875 0.7106260437499999 0.6663790671875 0.7042911593750001 0.65691044375 0.70362905 0.6344430046875 0.706871709375 0.6219057859375 0.710191703125 0.5820987828125 0.7275521875 0.55957198125 0.729753978125
2 0.850338490625 0.6063901140625 0.8832081921875 0.5973068640625 0.8840819671875 0.5848112999999999 0.837101203125 0.581526084375 0.8303016609375 0.5871398328125 0.8300868906250001 0.590211190625 0.8336129984375 0.605220553125 0.850338490625 0.6063901140625
2 0.1479367015625 0.29329071562500003 0.1481588046875 0.2901145 0.14696029375 0.281089940625 0.12190585625000001 0.2793379640625 0.10830809687500001 0.2907909640625 0.102252590625 0.2999857265625 0.096007175 0.32479684531249997 0.094782790625 0.348756765625 0.09220054062500001 0.37923425 0.107678571875 0.3965472984375 0.1276371578125 0.3949372453125 0.141024209375 0.392143965625 0.1421564484375 0.3759522078125 0.14211790156249998 0.3749099921875 0.14316368125 0.359954659375 0.14070566874999998 0.3177030890625 0.1479367015625 0.29329071562500003
2 0.5233242640625 0.0695872640625 0.508132371875 0.09978416875 0.535090603125 0.1335295828125 0.535505584375 0.1533961875 0.5293392109374999 0.131925146875 0.5161890984374999 0.11357257812499999 0.50718155625 0.106931325 0.5023537796875 0.0663174765625 0.482394290625 0.053935296875000004 0.4810589796875 0.053841921875 0.46354349062500005 0.066609290625 0.4449394046875 0.08755046875 0.444570896875 0.11217136718750001 0.47655348125 0.119216934375 0.485530490625 0.1198446671875 0.48649721250000005 0.151171446875 0.49460706875 0.157749928125 0.5049611734375 0.164485340625 0.5219338265625 0.1668744921875 0.5327593578125 0.1604177953125 0.55085811875 0.17250389375 0.565661559375 0.1657785375 0.5670271859375 0.1462491640625 0.5650380953125 0.13742714843749998 0.5558326796874999 0.1271652375 0.55662286875 0.0707134703125 0.5233242640625 0.0695872640625
2 0.1977728078125 0.458504115625 0.19231869375 0.4581227265625 0.1819264390625 0.4618522703125 0.1777841078125 0.4746572578125 0.1848858390625 0.48337608281250005 0.19045928125 0.5023419484375 0.19320175625 0.5037518328124999 0.21154626406250002 0.50259839375 0.21594539531249998 0.49772905312500004 0.2237676203125 0.496144346875 0.2261922 0.502099903125 0.2227067875 0.5055104921875 0.2205813890625 0.5068845046875 0.21803091874999997 0.5085333234375 0.21494942031250003 0.5119721640625 0.21461036406249998 0.516820884375 0.21956296874999998 0.5156445703125 0.2273216203125 0.514968990625 0.245784696875 0.50675274375 0.24607043125 0.502666546875 0.23981466562499998 0.48721708125 0.2318839796875 0.4787448125 0.20675434843749999 0.460847659375 0.1977728078125 0.458504115625
2 0.0775241875 0.6590966328125 0.0732759015625 0.6734168406250001 0.0709186734375 0.6839104484375 0.0738119765625 0.694771215625 0.0849712609375 0.6918972265625001 0.09880815937500001 0.6855561531250001 0.0958326140625 0.687479771875 0.10089117343750001 0.6847882359375 0.10847652031249999 0.6691787296875 0.11610912656250001 0.6588488390625 0.11672346250000001 0.6500634296875 0.116422096875 0.6484174687500001 0.10267203124999999 0.6460771390625 0.08069069375 0.644540053125 0.0775241875 0.6590966328125
2 0.4249191859375 0.642576215625 0.40959723906249995 0.654305896875 0.41076316406249996 0.67422914375 0.4238159296875 0.6761312312500001 0.43711075 0.677060896875 0.44516429375 0.6702341546875 0.45673176875 0.6512013140625 0.4613272140625 0.6220801484375 0.485903234375 0.636599765625 0.5035099859375001 0.6531922531250001 0.5159734515625 0.645743075 0.5354482171875 0.6234228453124999 0.5384821546875 0.604433353125 0.4906297234375 0.5934065484375 0.48552840625 0.55656669375 0.48843136249999997 0.5516492546875 0.5488391 0.56611424375 0.5554441437500001 0.5326532109375 0.4993281140625 0.530009309375 0.5007506687500001 0.4974659703125 0.510264003125 0.48340995312499996 0.5139268234375 0.479825775 0.53510725625 0.4941079515625 0.5406985093750001 0.52394143125 0.5658509015625001 0.518019596875 0.5751860796875 0.5065113578125 0.59399005625 0.4815839859375 0.6279351875 0.43531348437500006 0.632625046875 0.42924088437499996 0.6401288453125 0.4195247328125 0.6327533921875 0.40300762343749996 0.6105485578125001 0.403375065625 0.528433890625 0.4187548546875 0.5556037234375 0.44497684531250004 0.5366634953125 0.4596537875 0.5098971484375 0.43986056093750003 0.4838014609375 0.4226744578125 0.4600743234375 0.40821419531250003 0.4573468890625 0.3984226515625 0.43871836875000003 0.40864101562500005 0.40905163906249997 0.40592645781250003 0.38470628906250004 0.42470581406249996 0.42201834375 0.45227707656250005 0.47451615625 0.457868265625 0.4827404890625 0.47444474062499997 0.48229773593749997 0.49297534374999996 0.465372375 0.5276348921875 0.4537577265625 0.535143425 0.4462093859375 0.5454965328125 0.3956320953125 0.5368393640625 0.388484671875 0.5414600265625 0.366510440625 0.5751264593750001 0.4023002578125 0.58786999375 0.43557993437500003 0.5633148265625 0.46600646875 0.5673626171875 0.46029220625 0.5880848656250001 0.45980227500000004 0.5950911999999999 0.45417445624999997 0.6023783296875 0.4337617984375 0.625913065625 0.4249191859375 0.642576215625
2 0.193277521875 0.014922496875 0.19185793906249998 0.0148232296875 0.1759331703125 0.0152981203125 0.1627913421875 0.0362780453125 0.17553583281250001 0.0497071328125 0.176701484375 0.04978864375 0.188277325 0.049009646875 0.195052553125 0.044873109375 0.19518372343749998 0.036814265624999995 0.193277521875 0.014922496875
2 0.6667183046875 0.1693915078125 0.66176758125 0.16601854375 0.663456175 0.1583534421875 0.682345625 0.13546003281250002 0.6702950546875 0.13285984687500002 0.6513302328125 0.1315336984375 0.63547234375 0.1382359140625 0.603960925 0.1356000140625 0.594456021875 0.14790730937500002 0.600436896875 0.169513046875 0.6148040359375 0.17008528750000002 0.6136588703125 0.1782207828125 0.6169529125000001 0.1970442390625 0.6239568140625 0.20401997500000002 0.6532627843750001 0.1969888921875 0.6657855421875001 0.1827306328125 0.689115978125 0.178740884375 0.692951625 0.1898190515625 0.70209901875 0.1991066625 0.700559134375 0.19640458593750001 0.7249628687499999 0.1947971984375 0.725353034375 0.1892175734375 0.7238257890625001 0.17684405 0.711628671875 0.1617219921875 0.7140447437499999 0.1683769109375 0.6667183046875 0.1693915078125
2 0.7030815968749999 0.20563670156249997 0.6833706312500001 0.2219376640625 0.6740217375 0.22635680625000001 0.6615553796875 0.2413377625 0.6532941921875 0.264222040625 0.6613351562500001 0.282531578125 0.6665275109375 0.2828946625 0.68943040625 0.2781628875 0.7315947890625 0.2567518109375 0.733093721875 0.2353160640625 0.7328640828124999 0.22856912187499998 0.7258299781249999 0.21349280624999997 0.7083332484375 0.20600393281249998 0.7030815968749999 0.20563670156249997
2 0.5351129125 0.2497555828125 0.552542940625 0.25224260468750004 0.5684869906250001 0.23736976250000003 0.572985034375 0.1730447328125 0.5719166265625 0.172970021875 0.5330817671875 0.20395778125000003 0.523235446875 0.232827565625 0.5229924484375 0.2363026046875 0.5351129125 0.2497555828125
2 0.4466462265625 0.1847265125 0.440479253125 0.19127044843750002 0.4331583171875 0.20151674218750001 0.43269705312499995 0.2081131171875 0.43887882187500005 0.22096156875 0.45023012968750004 0.2287305515625 0.4615933515625 0.2295251453125 0.48079012499999996 0.21473015312500002 0.480913453125 0.2129664609375 0.476254059375 0.1899674328125 0.46412564375 0.181095696875 0.4551371265625 0.1804671578125 0.4466462265625 0.1847265125