1 0.616091896875 0.29520214375 0.6150825578125 0.2862458671875 0.5980510781249999 0.2778216265625 0.5918310124999999 0.307011334375 0.589002596875 0.32515066875 0.5889785828125 0.32652646875 0.6012392515625 0.32674047968750003 0.61349155625 0.32438241093750003 0.6158391828124999 0.3096801 0.616091896875 0.29520214375
1 0.733391046875 0.497822903125 0.72856545 0.4977386734375 0.7131461812500001 0.505532075 0.7038031328125001 0.51407525 0.7263969671875 0.518502321875 0.739755109375 0.5253246171875 0.751350753125 0.530953890625 0.7520862484374999 0.530966728125 0.7640155921875 0.504991753125 0.7640928578125 0.5005652031250001 0.74900183125 0.4991295078125 0.733391046875 0.497822903125
1 0.5548120765625 0.2682281015625 0.537345465625 0.266241165625 0.5311309359374999 0.266132690625 0.5148405828125 0.275437328125 0.5126999421875 0.297363721875 0.52726143125 0.300445384375 0.5506999203125 0.3008545046875 0.5613816140625 0.2946992828125 0.5614059765625 0.2946344015625 0.5617263203125 0.27628186875 0.5548120765625 0.2682281015625
1 0.8603265671875 0.42060912968749997 0.856486671875 0.40560674218750004 0.8455725828125 0.39976580625 0.8449739703124999 0.3997553578125 0.8278444374999999 0.401592575 0.825202334375 0.418678196875 0.82606730625 0.43626430000000005 0.8381203234375001 0.4465178671875 0.8383740812499999 0.446522296875 0.8541007640625 0.441585646875 0.860559959375 0.4352499640625 0.8607579203125001 0.42390880312499996 0.8603265671875 0.42060912968749997
1 0.7523204671875 0.723016328125 0.7402085406250001 0.7122575265625 0.7178634671874999 0.7089376640625 0.7154939312499999 0.7188577453125 0.7152485328125 0.7329166125000001 0.7171068203125001 0.7522859093750001 0.735865140625 0.7635315515625 0.736631528125 0.763544928125 0.753524853125 0.7546795015625001 0.7550526640624999 0.7498899640625 0.755366415625 0.731915171875 0.7523204671875 0.723016328125
1 0.3241669796875 0.8147841203124999 0.32417652812500003 0.8142370453125001 0.3169428296875 0.8050034234375 0.3123239078125 0.791323903125 0.3117292671875 0.7905720828125 0.30745832968750003 0.784761359375 0.2999091203125 0.7788934796875 0.2867388046875 0.7819413953125001 0.2808279234375 0.790859325 0.280804584375 0.7921964140625 0.2841457515625 0.805250384375 0.2932906546875 0.8167531671875 0.32133614375 0.817242703125 0.3241669796875 0.8147841203124999
1 0.73622735625 0.242067259375 0.7332166250000001 0.2579939140625 0.73737316875 0.2703581828125 0.7420435750000001 0.271376921875 0.7638426078125 0.2717574265625 0.7713545515625 0.2636015171875 0.7714671546874999 0.2571504265625 0.75964303125 0.24698293593749998 0.73622735625 0.242067259375
2 0.293394878125 0.9048525765625 0.3133511296875 0.8887165046875 0.311445934375 0.8652579859375 0.294560615625 0.838067496875 0.3295726875 0.8213265703125 0.33947948437500003 0.7841925265625 0.3652509140625 0.766422778125 0.40119285156249995 0.7627121328124999 0.43402723906249996 0.7381246828125 0.4738488828125 0.711056496875 0.505707959375 0.67604094375 0.5428727703125 0.6401674875000001 0.5429508640625 0.635693465625 0.5243494531249999 0.6026199875 0.4759078484375 0.59309840625 0.42754193906250004 0.5792401265625 0.37530272343750004 0.6546774015625 0.3566094515625 0.6647623874999999 0.3744397734375 0.7041157625000001 0.380103540625 0.7111553453125 0.3335519890625 0.725959671875 0.299939109375 0.728843446875 0.257161309375 0.726361446875 0.23058110312500002 0.7241623078125 0.21804398749999998 0.7438983703125001 0.21052684687499998 0.7767361109375 0.209006496875 0.7975319984375 0.20176178125000002 0.81475760625 0.18508693437499998 0.810996184375 0.188103671875 0.837076940625 0.146316296875 0.8441559156249999 0.1494844296875 0.8615632812499999 0.16877454375 0.883590071875 0.17691150312499998 0.9123630374999999 0.15290119375 0.931031184375 0.1465561546875 0.9630217234374999 0.1673362953125 0.96598728125 0.1932016640625 0.9697171703125 0.210000340625 0.9700103921875 0.2286560171875 0.9670576203125 0.254533403125 0.9432163921875001 0.2839422671875 0.9159664484375 0.293394878125 0.9048525765625
2 0.0934492859375 0.5339846984375 0.0727751203125 0.524947796875 0.0953632625 0.49063794375 0.0779934828125 0.49120234375000005 0.061674682812500006 0.49785835 0.021559009375 0.475468046875 0.025453834375 0.4512431140625 0.0014019328124999998 0.44648527031249996 0.003750184375 0.501185290625 0.022964603125 0.527548778125 0.0433057 0.5556671109375 0.0799958734375 0.5753947859374999 0.10494975312499999 0.6044612921875 0.1054934828125 0.605631 0.10735750156249999 0.6056635359375 0.1422254421875 0.5842328703125 0.14226473906249998 0.581981615625 0.1038166703125 0.53676843125 0.0934492859375 0.5339846984375
2 0.542520784375 0.74986189375 0.542584846875 0.7461917687499999 0.5224542265625 0.74105359375 0.5220513328124999 0.7410465609375 0.51053075625 0.7459884999999999 0.49744060156250003 0.76658256875 0.48660398593750004 0.7906862 0.5023775046875001 0.8125891015625 0.5025908984375 0.8125928265625 0.52105589375 0.8060369234375001 0.5376773921875 0.782034134375 0.541188665625 0.752665403125 0.542520784375 0.74986189375
2 0.1516781078125 0.66105041875 0.12499256249999999 0.649011334375 0.094373646875 0.6323941328125 0.09051961562500001 0.6323268609375 0.079164934375 0.6401101031249999 0.0743233625 0.66895880625 0.0871718859375 0.678441696875 0.09193155 0.7039860140624999 0.1239828078125 0.7068601375 0.15518890937500002 0.74089390625 0.1869378578125 0.7414480859375 0.1881098453125 0.7309224296875 0.18839426406249998 0.714628075 0.165917965625 0.6902321890625001 0.1516781078125 0.66105041875
2 0.6456315546875 0.7515269109375 0.6337135875000001 0.7712736484375 0.6553630796875 0.7907389203124999 0.66215356875 0.79953348125 0.68364006875 0.8032511484375 0.6959787421875 0.8034665203125 0.6963272234375 0.8016877859375 0.69700873125 0.762644275 0.6630316578125 0.7492277921875 0.6456315546875 0.7515269109375
1 0.5889273078125 0.0425706078125 0.566674903125 0.01984050625 0.5581752890625 0.0196921453125 0.5492226171875 0.020014970312499998 0.5283178171875 0.0342251125 0.5192424296875 0.0668605859375 0.5580681359375 0.085325271875 0.5603427296875 0.085364975 0.5871085578125 0.07715460156250001 0.5919677203125 0.0657497125 0.59229915625 0.0467617109375 0.5889273078125 0.0425706078125