1 0.22890625 0.32421875 0.046875 0.0375
1 0.678125 0.42734375 0.034375 0.034375
1 0.54453125 0.46171875 0.025 0.0265625
1 0.55 0.7359375 0.0390625 0.028125
1 0.48359375 0.07265625 0.0140625 0.0296875
1 0.3421875 0.290625 0.0296875 0.0328125
2 0.5875 0.29296875 0.0234375 0.025
2 0.6 0.3421875 0.0203125 0.03125
2 0.26714895625 0.1769538359375 0.2670382890625 0.1748421953125 0.247385565625 0.1743493734375 0.23323620625000002 0.163845646875 0.2213136375 0.1681644046875 0.221435171875 0.17048342968750002 0.2261540703125 0.1817384765625 0.242751228125 0.192375371875 0.263083840625 0.1944479890625 0.26714895625 0.1769538359375
1 0.506943584375 0.49377419375000003 0.48456855781249997 0.4853273734375 0.48295934531249995 0.5032520578125 0.48415646093750003 0.5260943828125 0.5098644218749999 0.5274815359375 0.5150282390625 0.512693809375 0.5147940156249999 0.50822456875 0.506943584375 0.49377419375000003
2 0.56796875 0.8875 0.04375 0.0421875
2 0.6453125 0.8859375 0.0328125 0.034375
2 0.9640625 0.8484375 0.0296875 0.0359375