1 0.46052058125000006 0.78393538125 0.47852467499999995 0.7738820609375 0.48143198125 0.7634018328125001 0.4811084421875 0.7448661953125 0.47011393906250004 0.7346286203125 0.46078544531250004 0.7313149578125 0.44915115781250003 0.7306100578125 0.44202595312500004 0.730734428125 0.43408410000000003 0.7524946140625 0.43445773125000003 0.7738999453125001 0.45370837656249996 0.7840542875 0.46052058125000006 0.78393538125
1 0.469476821875 0.6314414703125 0.4694858125 0.6319565953125 0.4812018546875 0.6470227328125 0.5055770546875 0.64045086875 0.505425409375 0.63176309375 0.5050985140625001 0.621883975 0.50267371875 0.615745815625 0.477106296875 0.6115567734375 0.469476821875 0.6314414703125
1 0.33857999375 0.6483722000000001 0.3487068578125 0.648195434375 0.3490066453125 0.648154140625 0.3749014578125 0.6268431796875 0.37156957031250004 0.6129953609375 0.3432385546875 0.6074397281249999 0.3327282453125 0.6076231859375001 0.32377335625 0.610311234375 0.3239658328125 0.6213381828125 0.3270986609375 0.632312940625 0.33857999375 0.6483722000000001
1 0.49684149375000003 0.9754946062500001 0.5081975234375 0.9735879890625 0.5151146765625 0.94982139375 0.5150901140624999 0.94841416875 0.465516821875 0.9319175968750001 0.4638692328125 0.9319463562499999 0.4485343015625 0.9536417531250001 0.4486803375 0.9620081125000001 0.450840015625 0.9762975656249999 0.49684149375000003 0.9754946062500001
1 0.179036353125 0.8619067078124999 0.18086099687499999 0.8618748593750001 0.20323136718749998 0.8482967140625 0.20318941875 0.8458934984375001 0.19117230937500002 0.8304401140625 0.1844820046875 0.8305568937500001 0.16254479375 0.8355281531250001 0.152971425 0.8523456515625 0.153053765625 0.857062915625 0.179036353125 0.8619067078124999
1 0.2663074609375 0.8730574875 0.267789575 0.8730316171875 0.280519728125 0.8653048296874999 0.281619546875 0.8397913578124999 0.263581921875 0.8291762 0.2617291546875 0.8292085390624999 0.24964225624999997 0.8398033921874999 0.24974672187500002 0.8457882515625 0.257269271875 0.86107535625 0.2663074609375 0.8730574875
1 0.27564095 0.49962887812499995 0.284688209375 0.497637084375 0.2903258890625 0.493253075 0.2971397171875 0.4793747 0.29713379687499997 0.4790355203125 0.28620173125 0.45841246093750004 0.2837914265625 0.45845453281250004 0.26713965 0.47437250625000005 0.2668499859375 0.48269557812499997 0.26714814531250003 0.4997771203125 0.27564095 0.49962887812499995
1 0.26328125 0.153125 0.0296875 0.0296875
1 0.25390625 0.0796875 0.040625 0.0359375
1 0.303125 0.0578125 0.028125 0.03125
1 0.49921875 0.16796875 0.05 0.028125
1 0.090625 0.83984375 0.028125 0.04375
1 0.5265625 0.91015625 0.034375 0.05
1 0.43203125 0.17265625 0.040625 0.04375
1 0.10390625 0.37578125 0.0453125 0.0625
1 0.70390625 0.85390625 0.0359375 0.0359375
1 0.5828125 0.5453125 0.0390625 0.040625
1 0.80859375 0.89375 0.040625 0.0390625
1 0.7375 0.90703125 0.0421875 0.03125
1 0.71171875 0.06640625 0.0390625 0.034375
1 0.615625 0.271875 0.0359375 0.0359375
1 0.3546875 0.24765625 0.03125 0.025
1 0.28359375 0.40546875 0.05625 0.0578125
1 0.11875 0.190625 0.0328125 0.03125
1 0.13515625 0.1265625 0.0328125 0.03125
1 0.1666726328125 0.056870909375 0.1442049140625 0.05869166875 0.14090743125 0.071670690625 0.14100222812500002 0.0771015875 0.14587426406249998 0.09294748281250001 0.16106877343749998 0.1041105359375 0.1750925125 0.10957995312499999 0.1837710953125 0.11796076874999999 0.1838790203125 0.11795888437499999 0.21138454843750001 0.10180368749999999 0.213183715625 0.0940330359375 0.21316541562500002 0.092984596875 0.204409671875 0.0704976484375 0.18698495625 0.052269675 0.186764140625 0.052273528125 0.1666726328125 0.056870909375
1 0.1996966234375 0.5747668671875 0.2070400453125 0.5948121484375 0.20729748906249998 0.5948076546875 0.2184211640625 0.5904133234375 0.2410278359375 0.576090478125 0.2508936109375 0.568418428125 0.252233909375 0.5630154125 0.252075665625 0.553949646875 0.2509843375 0.551228725 0.24888461875 0.5512653750000001 0.24351008749999997 0.5546190375 0.217897684375 0.56042314375 0.19956845 0.5674237421874999 0.1996966234375 0.5747668671875
1 0.2875275828125 0.2419701 0.28785370625 0.2311483703125 0.2877427859375 0.224793753125 0.27980382656249997 0.19909061249999999 0.2624944921875 0.1842796078125 0.2591853484375 0.1838421421875 0.24647652656250002 0.1840639765625 0.2416437703125 0.20251206093750002 0.242024725 0.2243368765625 0.2557203125 0.240200184375 0.2875275828125 0.2419701