1 0.1772688203125 0.728753746875 0.17416865937499998 0.740911465625 0.184262821875 0.7572656671875 0.198256253125 0.75799903125 0.21059381875 0.75082855 0.21158567499999997 0.748759428125 0.21260150000000003 0.729376334375 0.19517777187500002 0.72384021875 0.1772688203125 0.728753746875
1 0.29088030625 0.77652765 0.29169009687499997 0.77274599375 0.2919321765625 0.7681268218749999 0.2863794375 0.7605835171875001 0.27791133125 0.7576756859375 0.2733832015625 0.7585568031250001 0.2644894078125 0.7631323703125 0.260535621875 0.7701049375 0.26051332031249996 0.7705304953125001 0.2651771515625 0.7813407015625 0.27893435 0.7825675671875 0.28207478125 0.78273215 0.29088030625 0.77652765
1 0.332466921875 0.906466775 0.34142145468749996 0.9125785640625 0.3594152859375 0.91352158125 0.360846809375 0.8862065015624999 0.359549175 0.8868497578125 0.3547987375 0.880226153125 0.34699088906250003 0.8779045468750001 0.3402238640625 0.8773374328125 0.33286979375 0.8771644921874999 0.3230342265625 0.8811112921875001 0.321526946875 0.8882569078125 0.327716484375 0.8998431625000001 0.332466921875 0.906466775
1 0.306552253125 0.9060572140625001 0.31577464375000003 0.9019037265625001 0.3173124984375 0.89688675625 0.318230159375 0.893290440625 0.318599065625 0.8862513 0.3162786015625 0.8801239203125 0.30819655 0.8802667546875 0.30158305625000004 0.880769746875 0.29365840625 0.8860183859375 0.2917754453125 0.8935660406249999 0.2907350234375 0.89481118125 0.29035395625 0.9020823765625 0.2929230390625 0.9041044875 0.2965650578125 0.9055338078125 0.306552253125 0.9060572140625001
2 0.5870947859375 0.503754878125 0.5865588734375 0.513980696875 0.60037675625 0.5218223109375 0.64859625 0.5220874875 0.66765781875 0.538015 0.682358459375 0.5451187546875 0.7023420703125 0.543451778125 0.7140996187499999 0.5472073046875 0.71422050625 0.5472136390625 0.7259231359375 0.5306638171875 0.745035284375 0.5226178421875 0.759350709375 0.5025586046875 0.772416334375 0.48333861875000006 0.7796338703125001 0.4784920046875 0.7808512875 0.455262309375 0.780782684375 0.45525871406249996 0.7408936484375 0.463591384375 0.7095907265625 0.474165096875 0.6839119921875 0.480962203125 0.6682790875 0.4801429171875 0.653342009375 0.47755058593750005 0.61615806875 0.47379229843750004 0.6100744765624999 0.47483064218750004 0.5931310140625 0.487514075 0.5890269203125 0.4967989765625 0.5870947859375 0.503754878125
2 0.694303990625 0.5337117874999999 0.678999340625 0.531285978125 0.6784466234375001 0.5312570109375 0.6605170499999999 0.5464678796875 0.6657169640625 0.5752352671875001 0.687375896875 0.5802289484375 0.6878693859375 0.5802548109375001 0.7046268578125 0.5767157328125 0.7166832859375 0.57064288125 0.7124306765624999 0.556346746875 0.7123964171875 0.5564501390625 0.7106355390625 0.5503497453125 0.694303990625 0.5337117874999999
2 0.582851371875 0.610563 0.5983399609375 0.602993875 0.6115921984375 0.5981011640625 0.641859328125 0.588512934375 0.6459443312500001 0.581314665625 0.647039996875 0.5604081062499999 0.6461114328125 0.5483381265625 0.64336784375 0.5481943421875 0.6304959203125 0.54936554375 0.6059941703125 0.5609320656250001 0.6050996343749999 0.5620026578124999 0.5951043515625 0.5687422015625 0.584632646875 0.57657425 0.5730911203125 0.5888200328125001 0.569067815625 0.6060697546875 0.56886159375 0.6100046953125 0.58166460625 0.6106756718749999 0.582851371875 0.610563
2 0.8634614359375 0.6363965281249999 0.8710586921875001 0.6367946843750001 0.8918565421875 0.6294210812500001 0.9019445062500001 0.622646928125 0.90210500625 0.619584421875 0.897713321875 0.6053340640625 0.8926585656249999 0.6050691546875 0.8305026625 0.606083090625 0.803090615625 0.6067425859375 0.7850318890625 0.5995078656249999 0.7652015328124999 0.6047569046875 0.7556510171874999 0.6164137609375 0.776921428125 0.6263321296875 0.7837391859375 0.624174103125 0.8193119328125 0.6277152796875 0.84521514375 0.6345226687500001 0.8634614359375 0.6363965281249999
2 0.197127021875 0.3575592140625 0.19496091875 0.3775682640625 0.17390660156249999 0.3848492578125 0.1688136453125 0.39673974218749997 0.16319488437500002 0.4186639453125 0.1864092 0.43413405312500003 0.1944320765625 0.437046534375 0.2121576609375 0.43797549374999994 0.23533262656249998 0.438794121875 0.259467215625 0.4367051875 0.27668693125 0.427965603125 0.2826218640625 0.410669353125 0.2976252828125 0.390913865625 0.30399545 0.3866362796875 0.300489459375 0.37890657656250004 0.31913033125 0.36437235156250003 0.321365359375 0.3557841859375 0.3218381671875 0.34676247656250003 0.30952019062499997 0.33452328593749997 0.2967266515625 0.3334335921875 0.2904879890625 0.3352027375 0.27469881093750004 0.3486287421875 0.2617957640625 0.349629409375 0.25006334375 0.338953246875 0.22244471875 0.3328944 0.2066023359375 0.3366755515625 0.1948888125 0.34696140781249996 0.197127021875 0.3575592140625
2 0.3247437375 0.3044313625 0.33109445625 0.28956274843749996 0.33124276875 0.286732759375 0.3223895609375 0.2640628265625 0.30304118281250003 0.2601142953125 0.2898408234375 0.27744896093750004 0.27966739375 0.29033084374999996 0.253814421875 0.3145483765625 0.24423339843749997 0.33169605625 0.29140442499999997 0.334168184375 0.294257884375 0.33175984375 0.30623432500000003 0.3164571515625 0.3247437375 0.3044313625
2 0.642498625 0.2879117484375 0.6439081 0.2930141328125 0.6547273953125 0.3265458203125 0.6683788890625 0.3367134921875 0.671908765625 0.336898484375 0.6746280421875 0.33254875625 0.6758635749999999 0.3089733859375 0.67389248125 0.2968204484375 0.6703541890625 0.2843430796875 0.6523016203124999 0.24484512343749998 0.64970701875 0.22236017812500003 0.63306249375 0.21198959999999997 0.6206079375 0.20966069687500002 0.6081042265625001 0.2162688234375 0.6011323156249999 0.2293128046875 0.6068670859374999 0.255873321875 0.642498625 0.2879117484375
2 0.86860425625 0.4220935296875 0.8532402640625 0.459281525 0.85264506875 0.4586941515625 0.8522783984375 0.46569063593750004 0.8525102328124999 0.47321134374999996 0.8620615562499999 0.476729446875 0.8727651859375 0.47729039999999995 0.8785570453125 0.47180244531250004 0.8810777984374999 0.42370361250000005 0.86860425625 0.4220935296875
2 0.10460588906249998 0.6732941640625 0.11197222343749999 0.6725703265625 0.1234004828125 0.6699768296874999 0.1258375328125 0.6234751609375 0.1236908203125 0.59511985625 0.1281700734375 0.5789676218750001 0.12926270625 0.5581189515625 0.12896614687500002 0.5561498890625 0.11443208125 0.555388190625 0.106409615625 0.5551818749999999 0.0908285046875 0.5687772437499999 0.084934390625 0.578076290625 0.079122940625 0.6029926265625 0.0783168984375 0.62697026875 0.07626695 0.6574881765625 0.0902030296875 0.6725393421875 0.10460588906249998 0.6732941640625
2 0.42086363593750004 0.8357928890625 0.40559633906250003 0.8521141578125 0.4158442125 0.87427833125 0.4555669765625 0.884019703125 0.46106098125 0.8937694687500001 0.47767415937499996 0.90905818125 0.4982336640625 0.91779525 0.47856571406250004 0.914962234375 0.448357215625 0.8840924125 0.416533971875 0.895490990625 0.4135937015625 0.928678640625 0.46972098593749995 0.9347740812499999 0.47878454687499994 0.94516149375 0.49646753437499996 0.9514949921875001 0.5067892953124999 0.9493325562500001 0.5129681140625 0.9392230421875001 0.5133737843749999 0.931482396875 0.5055376171875 0.9159252140625 0.51326548125 0.9059672453125 0.5129625875 0.8888299421875001 0.5075392296875 0.8777321734375001 0.501998125 0.8688810531250001 0.47102266249999997 0.8641037624999999 0.47149362968749997 0.8551171656250001 0.468398278125 0.822514334375 0.44391599218750005 0.8198795640625001 0.42086363593750004 0.8357928890625
2 0.21249500000000002 0.4912328546875 0.216808478125 0.4862874796875 0.2246018546875 0.48456649843750005 0.2271300046875 0.4904788328125 0.2237046453125 0.49394973125 0.22160355156249997 0.4953606265625 0.2190822453125 0.4970537078125 0.21606123125 0.500545803125 0.21580685000000002 0.5053997031249999 0.22073817031249998 0.5041371328124999 0.22848385000000002 0.50332625 0.2468007203125 0.49478902968750005 0.247015096875 0.4906984671875 0.2404906546875 0.47536053437500003 0.2324133140625 0.4670279640625 0.20697516249999998 0.44957210937500003 0.19416413125 0.4464670984375 0.18216856718750002 0.4510098734375 0.1782503453125 0.4638852046875 0.185503159375 0.47247876250000004 0.191406753125 0.4913444671875 0.19417341562499998 0.492706275 0.21249500000000002 0.4912328546875
2 0.094741565625 0.2930847921875 0.09434715 0.30061069375 0.0948616078125 0.3031677546875 0.11412611406249999 0.306101690625 0.130547346875 0.30696229062499997 0.1335672171875 0.2918113515625 0.13756493281249998 0.27741918125 0.1397386640625 0.2668860359375 0.13665625625 0.25607741875 0.1255488296875 0.2591457265625 0.11182470468750001 0.26572731875 0.114766225 0.2637520625 0.10975540937499999 0.2665314765625 0.102443640625 0.28227098281249996 0.094741565625 0.2930847921875
2 0.565523940625 0.457128034375 0.5615200921875 0.4603267515625 0.546409459375 0.468056178125 0.513935328125 0.46550209374999996 0.518149959375 0.40948213281249995 0.48413338906250003 0.41196007031250004 0.4911287046875 0.4736803765625 0.4858941375 0.475962409375 0.449950578125 0.4664094671875 0.4448377078125 0.417569890625 0.425620015625 0.418266978125 0.401092784375 0.4348764296875 0.3921802171875 0.4463391671875 0.40650330312499994 0.46583679843750003 0.41791963125000003 0.49199912812499996 0.38845548281250003 0.493011340625 0.3681547921875 0.502173075 0.359420365625 0.5102366640625 0.3599971375 0.5358309171875 0.3796297890625 0.539416184375 0.393139315625 0.5256379328125 0.4107559046875 0.518891959375 0.436602890625 0.5014996171874999 0.44452156093750006 0.49680182500000003 0.4515353796875 0.497169403125 0.4727995625 0.4940231421875 0.47310912031249996 0.52471618125 0.44468120781250003 0.554755275 0.4521659265625 0.588242490625 0.45949988125 0.588626846875 0.4890615453125 0.5741238328125 0.49451881875000003 0.5675928031249999 0.49209000156249993 0.5163374640625 0.5032858484375 0.5101071140625 0.5121538828125 0.4994941 0.5486177703124999 0.48691883437500005 0.5670642078125 0.48873769375 0.5825148296875 0.4989208890625 0.5816664671875 0.5517087843749999 0.604485025 0.5921028125000001 0.626091353125 0.57022755625 0.62701249375 0.5404511375000001 0.6394249359375 0.5232067765624999 0.6300387671875 0.5193063828125 0.6185779015625 0.49399384062499996 0.604700165625 0.46599820625 0.58831646875 0.4370191859375 0.6051922453125 0.420008803125 0.6279076124999999 0.450171775 0.650247578125 0.379783053125 0.652018103125 0.3459994125 0.6417937359375 0.339840828125 0.63987150625 0.3397400875 0.6301974515625 0.3454793171875 0.6235985656249999 0.3493941546875 0.5735360890625001 0.37744730937500004 0.5465028921874999 0.3930732421875 0.5339427640625 0.40093633593750005 0.5249997609375 0.4251795546875 0.5539294671875 0.43436491874999994 0.565523940625 0.457128034375
2 0.1415441015625 0.9208798046875 0.128617165625 0.90772604375 0.12745026875 0.9076648890625 0.11588978750000001 0.9086457937500001 0.1091877828125 0.9128999453125 0.1091972796875 0.92095985 0.11148088437499999 0.9427732859375 0.11332258906249999 0.94286980625 0.12882040781249998 0.9421367500000001 0.14153641875 0.9210263968750001 0.1415441015625 0.9208798046875
2 0.5756525984375 0.8190450921875 0.5772394046875 0.821719884375 0.5518728281249999 0.8238358984374999 0.5518525203125 0.8242234015625 0.5543176734374999 0.8416835015625 0.56677685 0.8565903859375 0.564245 0.8499786468750001 0.611546525 0.84813824375 0.6165553609375001 0.8514242921875 0.615000796875 0.8591176953125 0.5965137703125001 0.8823372859375 0.605914778125 0.8841946765625 0.6283815171875 0.8853721078125 0.643331465625 0.878743775 0.6748840890625 0.8808293234375 0.6840933453125 0.8684646328125 0.6841100453125 0.8681459609375001 0.677815715625 0.846859953125 0.663440778125 0.846538540625 0.6644437859375001 0.8383843000000001 0.66082173125 0.8196211984374999 0.6536971515625 0.8127687609375001 0.6245183546875 0.82031023125 0.6122463453125 0.8347848718750001 0.5889890921875 0.839181184375 0.584960690625 0.8281716453125 0.5756525984375 0.8190450921875
2 0.6389976171875 0.81551948125 0.6561115 0.8116711249999999 0.6992195437500001 0.7888259093750001 0.6996583953125 0.7804521171875 0.6986730296875 0.761326890625 0.691376878125 0.7463756328125 0.6699714328125 0.7376525734375 0.64907138125 0.7555602234375 0.6398010375000001 0.7601418515625 0.62759803125 0.7753380953125 0.620880503125 0.7950149625 0.6206061078125 0.8002507515625 0.6273511625 0.8149091171875 0.6389976171875 0.81551948125
2 0.47113747968749997 0.8022944890625 0.483667271875 0.81671715 0.5163309218750001 0.80987405 0.552918428125 0.7740294640625 0.5530999640625 0.7705655671875 0.488969246875 0.769413965625 0.4721199625 0.7835475953125 0.47113747968749997 0.8022944890625
2 0.40834930937499997 0.8096902937499999 0.42285269531249997 0.8104503828125 0.43539263437500003 0.807681228125 0.447025728125 0.791181003125 0.44011602656250004 0.7779864390625 0.433465459375 0.7719346109375 0.423092959375 0.7647936125 0.4164895390625 0.764447540625 0.40375092968750004 0.7708526046874999 0.3961812390625 0.7823377703125 0.39558508125 0.7937131296875 0.40834930937499997 0.8096902937499999