1 0.578652396875 0.6865559046875 0.589553540625 0.694907453125 0.6091428890625 0.6773145375 0.6091428890625 0.6636415437500001 0.6066766515625 0.6453125 0.5807674921875 0.6453125 0.5703125 0.661350746875 0.5703125 0.6644207828125 0.5724731828125 0.6824345609375 0.578652396875 0.6865559046875
1 0.6228395671875 0.7859375 0.6377656875 0.7859375 0.6473130265625 0.7787737640625 0.6466951140625 0.7565185078125001 0.6318649921875 0.73673605 0.6119120171875 0.728125 0.6107335984375 0.728125 0.6046875 0.7507073296875 0.6046875 0.7682340046875 0.6114736125 0.7812465625 0.6228395671875 0.7859375
1 0.6847174390624999 0.6825209906249999 0.721809521875 0.6917898109375 0.722633778125 0.6590399578125 0.7142037171875 0.6421875 0.69959210625 0.6421875 0.6904872937500001 0.6442098828125 0.684375 0.6487920125 0.684375 0.6813657875 0.6847174390624999 0.6825209906249999
1 0.6472521109375 0.723276034375 0.651952925 0.704187575 0.6351082890625 0.694790165625 0.6229644859375 0.6892104796875 0.6119958921875 0.6927344953125 0.6143463046875001 0.692440828125 0.609375 0.703088803125 0.609375 0.71494144375 0.6143463046875001 0.72239501875 0.629240071875 0.7264145203125 0.637762596875 0.7264145203125 0.6472521109375 0.723276034375
1 0.5581094984375 0.7443653234375 0.565944209375 0.7643347984375 0.580046678125 0.77020816875 0.580311434375 0.7702463374999999 0.590947209375 0.7702463374999999 0.5949326265625 0.7622791265625 0.5981405015625 0.7558662765624999 0.5981405015625 0.7480996390625 0.595324371875 0.7390793015625 0.5855309828124999 0.7276262203125 0.57417064375 0.7188161625 0.5690780765625 0.7232211921875 0.561121375 0.7287693765625 0.5581094984375 0.7443653234375
1 0.4846771421875 0.767539459375 0.4956457328125 0.777524171875 0.510923428125 0.7831038828125 0.523019015625 0.7859375 0.5234954453125 0.7859375 0.5278228578124999 0.7737098375 0.5278228578124999 0.7497356374999999 0.5111124734375 0.740625 0.5106907578125 0.740625 0.5023052406249999 0.74433963125 0.4921201234375 0.7466889671875 0.4851233625 0.7531223109375 0.4846771421875 0.767539459375
2 0.4380314203125 0.5648332578125 0.4118591203125 0.56929255 0.382117884375 0.6040750453125 0.3381008421875 0.5915890109374999 0.3047906625 0.5621576562499999 0.28813561875000004 0.5255914703125 0.2798838453125 0.453125 0.2775612890625 0.453125 0.2286531421875 0.4676206703125 0.215625 0.5120157703125 0.215625 0.5124588953125 0.2286531421875 0.567508859375 0.2524461328125 0.6192366109375 0.3047906625 0.6388575390625 0.34999733593750004 0.6361819359374999 0.3868764984375 0.6442086765624999 0.42090053125000004 0.6578125 0.4219473015625 0.6578125 0.4102580359375 0.645231184375 0.48799670937500006 0.6540191046875 0.5320137515625001 0.6442086765624999 0.6093409734375 0.647776121875 0.6234375 0.6160722640625 0.6234375 0.6154068265625 0.5986341984375 0.579102978125 0.5177379484375 0.579102978125 0.4784795234375 0.571968153125 0.4380314203125 0.5648332578125
2 0.096875 0.7208769125 0.096875 0.7246535984375 0.13587285 0.7538895046875 0.1537175921875 0.7387279375 0.1620451484375 0.701269909375 0.2060621453125 0.701269909375 0.2698681046875 0.6931574453125 0.225096565625 0.6914594109375 0.20577908749999999 0.653125 0.1943125484375 0.653125 0.178700215625 0.655785071875 0.15014865156249999 0.6611362781250001 0.11802810625 0.6816489828125001 0.096875 0.7208769125
1 0.24248072187499997 0.6953125 0.24416186093749997 0.6953125 0.257450790625 0.6854646843750001 0.2597125984375 0.6691727125 0.2597125984375 0.6649333234375 0.257450790625 0.65045165 0.2398174640625 0.6421875 0.23791231562499998 0.6421875 0.23326086406250002 0.6483920671875001 0.228125 0.65567094375 0.228125 0.6892942015625 0.24248072187499997 0.6953125
2 0.36875 0.72730608125 0.4157654 0.74442926875 0.4247290875 0.7212722296875 0.42567762187499997 0.7060890046875 0.418219434375 0.675 0.41492457031249996 0.675 0.38488999062499996 0.68015095625 0.3763530671875 0.69280365625 0.36875 0.723228796875 0.36875 0.72730608125
2 0.1663889921875 0.26359109531249997 0.1996380375 0.30064358593749996 0.24778733281249998 0.2739279 0.22839399999999999 0.2608963578125 0.2113201703125 0.23529648593750002 0.2113201703125 0.2109375 0.2081322078125 0.2109375 0.1645917375 0.227885946875 0.128125 0.2620590390625 0.128125 0.2648383328125 0.1663889921875 0.26359109531249997
2 0.0671875 0.35629681562500004 0.0671875 0.3597112328125 0.072930884375 0.39477196718749996 0.13942904375 0.40824560156249995 0.16548910781249998 0.3819720578125 0.195143678125 0.3779299265625 0.22569689531249998 0.37456151875 0.2915814203125 0.346340134375 0.2688308203125 0.32201438125 0.2683660296875 0.321875 0.2582584578125 0.321875 0.1897519515625 0.3354880140625 0.17986710625 0.34424584375 0.11067308281249999 0.3503089890625 0.0671875 0.35629681562500004
2 0.42501699375 0.4167491765625 0.4140625 0.457663321875 0.4140625 0.47201369687500006 0.42299592812500003 0.4895376921875 0.43277485000000004 0.496875 0.43497650156249995 0.496875 0.46543789375 0.477855575 0.46476416875000004 0.435620259375 0.4424420140625 0.42805230625 0.47401198750000006 0.3924173578125 0.47401198750000006 0.386040928125 0.45600633906250004 0.3313799359375 0.47284837968750004 0.29004323125 0.4659047671875 0.265625 0.4604265578125 0.265625 0.42703800625 0.2765638765625 0.42030119062500004 0.3232923125 0.4263643359375 0.35384552812500003 0.42501699375 0.4167491765625
2 0.7825769890625 0.6625182984375 0.7825769890625 0.643655190625 0.7331130984375 0.6046875 0.7294648109375 0.6046875 0.728125 0.6448646078125 0.728125 0.6560047796874999 0.75741551875 0.6739708640625001 0.7825769890625 0.6625182984375
2 0.8997602984374999 0.8899349140625 0.9046955078125001 0.8899349140625 0.9275132234375001 0.8812283000000001 0.930256475 0.8321829734374999 0.8985934328124999 0.8034270093749999 0.8797303765625 0.7800628109375001 0.85079776875 0.75625 0.8203125 0.75625 0.8203125 0.7843588609375 0.84604629375 0.817805009375 0.8676040875 0.8375747 0.8804040484375 0.8546485625000001 0.8997602984374999 0.8899349140625
2 0.6909060984375001 0.876778696875 0.732242803125 0.89496808125 0.7663904921875 0.8821681187499999 0.8032340453125 0.8821681187499999 0.8418748875000001 0.88486285625 0.8524998515625001 0.8487001984375 0.810321540625 0.8359375 0.7569508796875 0.8359375 0.736735921875 0.8397261796875 0.7070813499999999 0.837705140625 0.6846157609375 0.8410735484374999 0.6909060984375001 0.876778696875
2 0.70173874375 0.8203068078125 0.6879256125000001 0.8097754531250001 0.6672572765625 0.78619659375 0.64389308125 0.7875439375 0.615625 0.7984427296875001 0.615625 0.8127976046875001 0.6211742171875 0.8356784062499999 0.627126690625 0.8356784062499999 0.70173874375 0.8220066109375 0.70173874375 0.8203068078125
2 0.6616178374999999 0.9074006671875001 0.6270667343749999 0.9 0.6231621046875 0.9 0.6078125 0.91470381875 0.6078125 0.9152838109375001 0.6148894031250001 0.9451268546874999 0.6211797765625 0.9471478953125001 0.6643137015625 0.94782156875 0.7020558984374999 0.9343479328125 0.746875 0.919563903125 0.746875 0.9194339078124999 0.72346078125 0.9 0.7195626828125 0.9 0.7038531531250001 0.909421709375 0.6616178374999999 0.9074006671875001
2 0.12361178125000001 0.6375471140625 0.14207884375 0.6366513578124999 0.15365466249999998 0.614416334375 0.148561309375 0.60268120625 0.1273852890625 0.5953125 0.10100598281249999 0.5953125 0.0921875 0.6135749140625 0.0921875 0.6247495828125 0.11598079218749999 0.6375471140625 0.12361178125000001 0.6375471140625
2 0.735368546875 0.5291403734375 0.7571697234375 0.5069733125 0.7489811546875 0.47092828124999997 0.729793 0.46875 0.709921990625 0.46875 0.7015625 0.5007153921875 0.7015625 0.5151538140625 0.7303670609374999 0.5291403734375 0.735368546875 0.5291403734375
2 0.015152687500000001 0.6848813390624999 0.0659896171875 0.6848813390624999 0.10411728437500001 0.664587578125 0.0988840953125 0.63467081875 0.06000878125 0.595779090625 0.0348606078125 0.584375 0.03252045 0.584375 0.006929082812499999 0.6127318921875 0.0015625 0.633610846875 0.0015625 0.655442921875 0.015152687500000001 0.6848813390624999