1 0.760606465625 0.8133392640625001 0.7589520765625 0.8369981187500001 0.7799858375000001 0.8432998921875001 0.7999357984375 0.8249853281249999 0.800287340625 0.8199580453124999 0.789959728125 0.8084780046875 0.7787320734375001 0.807692890625 0.760606465625 0.8133392640625001
1 0.7157900328125 0.9301631078125 0.7150337312499999 0.9301102218749999 0.7073123203125 0.9488139437499999 0.7134785015625 0.9642798296875 0.72949015625 0.9749779468750001 0.7296878609374999 0.974991771875 0.742265453125 0.9553296859374999 0.7426220203125 0.9502305312500001 0.7312613421874999 0.93310096875 0.7157900328125 0.9301631078125
1 0.8325567140624999 0.2240883765625 0.804271534375 0.222110484375 0.781423984375 0.23111510000000002 0.7773214015625001 0.24371295625 0.788402146875 0.25547354218749996 0.7965699374999999 0.2560446890625 0.8088772734375 0.25316727499999997 0.831338459375 0.241510221875 0.8325567140624999 0.2240883765625
2 0.7575846203125 0.512261840625 0.7507229703125 0.50656805 0.7335953171875 0.5053703671875 0.7246080625 0.5121918390625 0.7214118125 0.528777390625 0.7300530046875 0.536258084375 0.7353240140625 0.536989709375 0.7532473390625001 0.5382430312500001 0.7555449671875001 0.5357484890624999 0.7560336953125 0.5344411078125 0.7575846203125 0.512261840625
2 0.6942207828125 0.28176655156249997 0.6727088343750001 0.2802622890625 0.664981728125 0.2820976734375 0.664365 0.2964383609375 0.6707456781250001 0.3016019390625 0.68786538125 0.3043271515625 0.7063174562500001 0.3025612296875 0.7103072187499999 0.29238600312499996 0.71050543125 0.28955142968750003 0.6942207828125 0.28176655156249997
2 0.6050893015625001 0.49790973281250006 0.606000090625 0.484884859375 0.6060302937500001 0.4823533125 0.5679019515625 0.47968711875 0.5631834312499999 0.48137095781249994 0.5592728546875 0.48917667812500004 0.55871393125 0.49716964218750004 0.5606814609375 0.502589334375 0.5663343875 0.5068809843750001 0.5755087640625 0.5089745015625 0.590814575 0.5085166890624999 0.6050893015625001 0.49790973281250006
2 0.5792485843749999 0.6658550125 0.5808895421875 0.64238823125 0.5798282640625 0.64185158125 0.55872131875 0.6403756406250001 0.554216271875 0.6418213671874999 0.549635196875 0.6527018734375 0.5489266296875 0.66283485625 0.5500221546875 0.669020965625 0.55643996875 0.6755792453125 0.565563934375 0.67621725625 0.571976396875 0.67303095 0.5792485843749999 0.6658550125
2 0.5927091546875001 0.5432882703125 0.585247565625 0.5407300296875001 0.5781920406250001 0.5432914484375 0.5738235375 0.551131953125 0.570885740625 0.5712915828125 0.5752869171875 0.5848366640625 0.58441085 0.585474671875 0.59445595625 0.5729397734375 0.593690475 0.55770061875 0.5927091546875001 0.5432882703125
2 0.6058853281250001 0.29595163593749996 0.593333971875 0.303261340625 0.58966839375 0.3152506078125 0.5895569140625 0.3168448390625 0.5943204578125 0.33285967968749997 0.6102165203125 0.3349894765625 0.618174103125 0.330454659375 0.63350835625 0.31549186875 0.6335729531250001 0.3145680984375 0.6307318640624999 0.3038399828125 0.6206618015625 0.29698490781250003 0.6058853281250001 0.29595163593749996
2 0.5019963046875 0.785458909375 0.4998925234375 0.7850619 0.48634827812500003 0.7841147937499999 0.4739489625 0.7940565796875 0.470058434375 0.8060092937500001 0.4793407390625 0.8188831578125001 0.49139395312499995 0.821254075 0.5041915859375 0.8129804234375 0.5066291765625001 0.8083867390625 0.507668653125 0.793521546875 0.5019963046875 0.785458909375
2 0.41992663124999996 0.65953090625 0.42172496718749997 0.6338135078125 0.4149737 0.6215062203125 0.3969900859375 0.6273765015625 0.391600178125 0.6391681515625 0.3909545640625 0.6484008671875 0.39210648125 0.6535095734375 0.3980982734375 0.6630224375 0.410000128125 0.65985208125 0.41992663124999996 0.65953090625
2 0.4633725375 0.5758100140625 0.461181196875 0.5709023515625 0.4408823125 0.569482915625 0.42894820312500004 0.5757696390625 0.42343952500000004 0.5808869015625 0.4229461078125 0.5879430984375 0.430013959375 0.5921190015625 0.434920946875 0.5947542859375 0.46057240781250003 0.5919637468750001 0.46275818593749996 0.5845956578125 0.4633725375 0.5758100140625
2 0.43280245468749995 0.449877940625 0.415053103125 0.4486367859375 0.4027928046875 0.45862388125000003 0.4080218984375 0.471214303125 0.41682259374999997 0.47641399843750004 0.4284109140625 0.473049053125 0.43555480468749996 0.45843697499999997 0.43579050312499995 0.45506633750000003 0.43292281250000003 0.4500341109375 0.43280245468749995 0.449877940625
2 0.4972184890625 0.3316493296875 0.487913625 0.3268601375 0.4752563453125 0.32597505312499997 0.4670981453125 0.3272958953125 0.461334303125 0.3353480671875 0.46120652656249994 0.337175375 0.4790481265625 0.3457045859375 0.494995125 0.350639946875 0.499658965625 0.3480815421875 0.500206934375 0.34024521874999997 0.4972184890625 0.3316493296875
2 0.44146785624999996 0.23948028125 0.440537725 0.231406640625 0.43381701093749997 0.225965775 0.4232344078125 0.22522576718749998 0.4117000453125 0.2271209078125 0.403741225 0.23949120937499999 0.40273672656250004 0.253856196875 0.41533411718749996 0.262521228125 0.4274404984375 0.2641318390625 0.4394906859375 0.25198568125 0.44087591875000004 0.247945378125 0.44146785624999996 0.23948028125
2 0.46938885468749997 0.2881784859375 0.4663146828125 0.28022199531249997 0.4588741953125 0.2762737234375 0.44583368281249997 0.27536184218750004 0.44371735156250003 0.27558712343749997 0.44072776874999997 0.28556060156249996 0.4335822703125 0.3003347375 0.43396922812499994 0.3166538296875 0.441907721875 0.3233184453125 0.46008478437500006 0.32560774531250003 0.46758059999999996 0.314037740625 0.46938885468749997 0.2881784859375
2 0.5272140796875 0.5573711125 0.5251566703125 0.5503149046875 0.5066683890625 0.5490220781249999 0.50192258125 0.5522065781250001 0.49643945 0.5650604046875001 0.498630496875 0.5774327015625 0.5096103078125 0.5843099875 0.522677634375 0.5831872687499999 0.529000084375 0.578065284375 0.5295604546875 0.5700516 0.5272140796875 0.5573711125
2 0.3924073859375 0.376569046875 0.37687620312500003 0.37548300156250003 0.3748356078125 0.3864026171875 0.3810026828125 0.4183996921875 0.398825453125 0.42575548124999996 0.40420398906250005 0.413988725 0.40499202968750003 0.40271922812499994 0.39964308437499996 0.39221027343750003 0.39558001875 0.379563353125 0.3924073859375 0.376569046875
2 0.668478778125 0.04815180625 0.660439571875 0.04758965 0.6498799125 0.05887113125 0.643900809375 0.07881809375 0.6512313359374999 0.0923688953125 0.6534385890625 0.0925232421875 0.6620587796875 0.09230682968750001 0.6759763859375 0.07902456249999999 0.6811185375 0.058679659375000005 0.668478778125 0.04815180625
2 0.7413192625 0.032883207812499995 0.71663011875 0.031156774999999998 0.7016123359375 0.0359395796875 0.7003572218749999 0.0538885578125 0.7017346265625 0.0683040171875 0.7164555984375001 0.076209790625 0.7278146078125001 0.073947946875 0.73405380625 0.072092096875 0.7441306015625 0.059043821875 0.74733014375 0.0541251109375 0.74787879375 0.04627904375 0.7413192625 0.032883207812499995
2 0.7949663546875 0.04842640625 0.8140128125 0.0273567265625 0.8167357281250001 0.0211959078125 0.8060911546874999 0.0204515671875 0.7984878546874999 0.0199198921875 0.7851911109375 0.024323003125 0.7773752390625 0.026831253125 0.7645014046874999 0.0361135578125 0.7668341390625 0.0464592109375 0.7727750906249999 0.048911115625 0.7826593765625 0.0496022921875 0.7949663546875 0.04842640625