1 0.5781195921875 0.0931034640625 0.5673189921875 0.096727265625 0.558855059375 0.10771331718749999 0.5577296984375 0.12362182343749999 0.5575511265624999 0.128735465625 0.5666856015625 0.1290544484375 0.5777392875 0.12888482968749998 0.592852446875 0.125822996875 0.5994214265625 0.125026803125 0.6036088953125 0.12421565000000001 0.6038404765625 0.12314014843750001 0.6046406109375 0.1002272796875 0.6035153671875 0.09594005781250001 0.5916197421875 0.095011859375 0.58332395 0.0932852046875 0.5781195921875 0.0931034640625
1 0.45286606249999994 0.10164832343750001 0.45362409843749996 0.122062046875 0.462587884375 0.1408359140625 0.47614592812499995 0.138232571875 0.48453830625 0.1292952 0.4914442515625 0.11820469375 0.4926950234375 0.0823872921875 0.490282925 0.080655425 0.4616552125 0.0796557234375 0.4534621859375 0.0845775765625 0.45286606249999994 0.10164832343750001
1 0.4998710328125 0.032244528125 0.4903349078125 0.029860306250000003 0.483144771875 0.027248773437500002 0.45961282968750006 0.0264270203125 0.45371845312500003 0.03165843125 0.447158165625 0.043223790625 0.45093840781249994 0.056175837500000006 0.46532743437499996 0.0628319171875 0.47383870781250004 0.06444665625 0.489536175 0.064994825 0.5012289296875 0.059470440624999996 0.5030194734375 0.05536225 0.503431209375 0.043571684375 0.4998710328125 0.032244528125
1 0.454254234375 0.19312388281249998 0.450464821875 0.191453171875 0.4603760828125 0.2051321125 0.4676679640625 0.212635196875 0.47517725625 0.21289742656250002 0.486785940625 0.20913116562499998 0.49514257656250005 0.20121816875 0.49681483125000003 0.18826853906250002 0.497235546875 0.1762208078125 0.4863275765625 0.1711975421875 0.4714669921875 0.1706785984375 0.45784736718749997 0.1783781453125 0.454254234375 0.19312388281249998
1 0.41694067031250004 0.26516712187499997 0.416904421875 0.2882419234375 0.4251174921875 0.3064767828125 0.44101714999999997 0.3029295828125 0.4458792296875 0.2959201796875 0.449785121875 0.28323654062500003 0.45161814375000003 0.2737040109375 0.452388215625 0.2516520140625 0.451037115625 0.24738415468750002 0.4441627296875 0.2416439234375 0.42977225937499997 0.24114139687499997 0.41694067031250004 0.26516712187499997
1 0.282636309375 0 0.28120367343749997 0.0008502203125 0.2749116875 0.0047328875 0.27059487656250003 0.0071461499999999996 0.26783271875 0.0311513875 0.2750093671875 0.034991596874999996 0.288057890625 0.0359600546875 0.298032003125 0.0368211515625 0.3108929640625 0.03214225 0.31348021875 0.02094319375 0.3136156046875 0.0170662453125 0.30918653749999997 0.0038785765625000005 0.306320053125 0 0.282636309375 0
1 0.0906230890625 0.0615345734375 0.0904231453125 0.067260253125 0.094682021875 0.0759194984375 0.10550498281250001 0.08552786875 0.113101690625 0.0883571578125 0.1290013765625 0.08480997968750001 0.1317192796875 0.07718226406249999 0.13219448125 0.06357425625 0.1276613375 0.057071895312499996 0.12459444687500001 0.055377682812499995 0.093434253125 0.0542895453125 0.0906230890625 0.0615345734375
1 0.2325767515625 0.07783446875 0.2500170640625 0.0719415375 0.2525494625 0.06391045468749999 0.24993265937500003 0.05073671875 0.24299035781249997 0.043953103125 0.22185686875 0.047062859375 0.218394628125 0.058100446875 0.21828946249999998 0.0757964390625 0.2325767515625 0.07783446875
1 0.8935375046875 0.1619658390625 0.879989534375 0.161492734375 0.8734958609374999 0.17587643749999998 0.8731603531250001 0.18548410625 0.8732565328125 0.1974155046875 0.8858059703125001 0.205164471875 0.896588490625 0.20173211875 0.896596996875 0.20148851250000002 0.8944034406249999 0.19392143906249998 0.89523765625 0.18471595624999998 0.8955329031250001 0.176261196875 0.8935375046875 0.1619658390625
1 0.76830856875 0.08968185937499999 0.77245968125 0.0882877109375 0.7595244296875 0.09730554687500001 0.759494496875 0.098162678125 0.764255796875 0.117628934375 0.7663984921875 0.1150103296875 0.79040149375 0.10315094531249999 0.793458928125 0.0890210203125 0.7993982765625 0.0747534296875 0.799424271875 0.074009034375 0.796838484375 0.07103570000000001 0.7882331015624999 0.07073519375000001 0.779965634375 0.078930440625 0.76830856875 0.08968185937499999
1 0.9489618609375 0.2689546890625 0.9460805421874999 0.2615292359375 0.9399777874999999 0.2589581671875 0.9256229375 0.25845688437500003 0.9217976609375 0.2627325109375 0.9155407359375 0.2701156578125 0.9120580781250001 0.29051378125 0.9120219468749999 0.2915484359375 0.9147540140625001 0.31017709843749997 0.9223773078124999 0.323263346875 0.9285253734375001 0.32578669374999997 0.9295187546875001 0.3258213828125 0.943049621875 0.31526755156249997 0.9467587859375 0.3082178890625 0.9477212328125001 0.304481596875 0.9489618609375 0.2689546890625
1 0.026134884375 0.066276146875 0.018208840625 0.0755356625 0.017948714062500003 0.095791240625 0.0234020671875 0.10611402656249999 0.0332038109375 0.107173975 0.043055634375 0.1068003453125 0.049745546875000005 0.0964890171875 0.0504651375 0.0758826734375 0.0461935578125 0.0681686765625 0.038374437500000004 0.06487443281250001 0.034423421875 0.06473646093749999 0.026134884375 0.066276146875
1 0.946722534375 0.1175340203125 0.919682875 0.1362584265625 0.93428561875 0.1459589078125 0.9532210125 0.146620146875 0.9628994437499999 0.138463059375 0.9632930078124999 0.1271928421875 0.9630207453124999 0.12465932500000002 0.9624526296875 0.115905384375 0.96107999375 0.11585745 0.946722534375 0.1175340203125
1 0.53240136875 0.19982609375 0.5458392734374999 0.19819445468750002 0.5702113515625 0.1944980640625 0.5733707703124999 0.189792803125 0.573986096875 0.1721721484375 0.560723996875 0.165978259375 0.5523768859375 0.165686771875 0.528986203125 0.1794159640625 0.53240136875 0.19982609375
1 0.9552798749999999 0.08500634375 0.9618195171874999 0.0811869140625 0.963602446875 0.07994397812500001 0.9666953578124999 0.0743962046875 0.9668926234375 0.06874728125 0.960773728125 0.0642528265625 0.9440514015625 0.06366886875 0.93977976875 0.0647550609375 0.9324357031250001 0.0758101921875 0.930455509375 0.0827020375 0.9552798749999999 0.08500634375
1 1 0.08125716250000001 0.980928259375 0.08059116093749999 0.9801875656249999 0.10180184375000001 0.9829048140625 0.10913249218750001 0.9974456890625 0.10964027031250001 1 0.10794950625 1 0.08125716250000001