1 0.1964053625 0.2316072015625 0.1984341125 0.24398885468749998 0.21584667343750003 0.250444553125 0.233686603125 0.24644808125 0.23436399218749998 0.22705021250000001 0.23355624531250002 0.22490251875 0.22189057499999998 0.2166840328125 0.207886478125 0.2161949984375 0.1964053625 0.2316072015625
1 0.2850186078125 0.209177221875 0.2848571796875 0.21379991406249998 0.290540721875 0.22124516249999998 0.29379818593749996 0.2223005453125 0.30427523125 0.2226664109375 0.31238293437500003 0.2183146640625 0.3162144296875 0.21127415468750002 0.3162293015625 0.210848271875 0.311377515625 0.20012110781249998 0.2946018453125 0.198919746875 0.2857622765625 0.2053820078125 0.2850186078125 0.209177221875
1 0.377287365625 0.07514562500000001 0.36660763125 0.0811424765625 0.3612979859375 0.087326853125 0.35494533906250003 0.0970674265625 0.35472701562500003 0.10331936093750001 0.35500095625 0.105579359375 0.36445510937500003 0.110368365625 0.37179626718750003 0.11083703125 0.37858696875 0.11086186093749999 0.386567446875 0.1092295875 0.3918770921875 0.10304521874999999 0.3952020921875 0.10507227968749999 0.3974915875 0.0962345140625 0.398390115625 0.0867111984375 0.393449528125 0.07422372499999999 0.377287365625 0.07514562500000001
1 0.3291972125 0.08270938125 0.3277471515625 0.0877524265625 0.32575451875 0.096172296875 0.329073440625 0.1044946640625 0.337151765625 0.1042108015625 0.34375547812499996 0.1035924640625 0.35158731875 0.098206321875 0.35333826562500004 0.09062695312499999 0.35489070625 0.0887017359375 0.3551085015625 0.082464878125 0.3520069265625 0.080110140625 0.3444613140625 0.077299803125 0.33869599375 0.078230403125 0.3291972125 0.08270938125
2 0.7520697281250001 0.5004029328125 0.714699725 0.5009061265625 0.6995935515625 0.5021867421875 0.6839487281250001 0.5016404125 0.6589601187499999 0.492631121875 0.6286978734375 0.4793694140625 0.58815289375 0.46712878281250003 0.5873655609374999 0.489675059375 0.59557405625 0.496294121875 0.6069148296875 0.516579715625 0.6194275015625 0.537810290625 0.6377656703125 0.5474913828125 0.6477257046875 0.564560065625 0.6497496296875 0.5646307421875 0.660142459375 0.56228590625 0.67987235 0.5656826515625 0.679915459375 0.56568415625 0.695168571875 0.5598927484375 0.7155457796875 0.5456871703124999 0.7636048953125 0.5496256109375001 0.7767718328125001 0.54360431875 0.7773492578125001 0.5270690203124999 0.7770924703125 0.5256867015625 0.7738132249999999 0.5160794359375 0.758039671875 0.5019675453125 0.7520697281250001 0.5004029328125
2 0.6687034609375 0.4595068234375 0.668686215625 0.4600006859375 0.6725172109375 0.47669384062500003 0.6787995515625 0.48864244687499997 0.693019290625 0.4841409828125 0.6929153171875 0.48410853437499995 0.69898405 0.48224145625 0.7153344484375 0.4656220234375 0.7174927859375 0.45027736718750005 0.7175121015625 0.44972423125 0.7033583812499999 0.43361916718750004 0.695537225 0.433346046875 0.6733183796875 0.4377640359375 0.6687034609375 0.4595068234375
2 0.5994986671875 0.42398848281249996 0.5983541859375 0.42478630624999997 0.5846962062500001 0.44818673125 0.5819251390625 0.4635892828125 0.610789740625 0.468367371875 0.6227042468749999 0.462918815625 0.6348939437500001 0.4336025296875 0.6409230453125 0.42082715000000004 0.6486119312499999 0.40805308125 0.6491501734375 0.392639865625 0.6430832359374999 0.392428003125 0.6290037203125001 0.3944390578125 0.6157986265625001 0.4048693734375 0.6070837109375 0.41461862343749994 0.5994986671875 0.42398848281249996
2 0.9058572515625001 0.3969139171875 0.90079864375 0.396737265625 0.8386699015625 0.3988358171875 0.8112735390625 0.39997361875 0.7930913015625001 0.3930551671875 0.7733555734374999 0.39864949375 0.7642328093749999 0.4101893515625 0.7642197046875 0.410564640625 0.7854502250000001 0.42001689375 0.79222928125 0.41774020937499995 0.8278584109375 0.4206600171875 0.85387648125 0.4270142953125 0.8721526984375 0.428569428125 0.879755746875 0.4288349328125 0.9004217406249999 0.4210994796875 0.9110757125 0.413672228125 0.9111015578125 0.4129321078125 0.9058572515625001 0.3969139171875
2 0.273985321875 0.5560409546875 0.25658812656249996 0.5504087875 0.2365738015625 0.535752434375 0.23218569375000003 0.5294578921875 0.22451835625 0.5330982484375 0.20979615625 0.514881096875 0.1901998140625 0.514196778125 0.1799842171875 0.5248434890625 0.179117965625 0.537654096875 0.18099572343749998 0.5438609328124999 0.1946952390625 0.559413390625 0.19592094531249998 0.5722970078125 0.18545116875 0.5842139656249999 0.179875253125 0.6119341265625 0.18393231875 0.62770810625 0.1944210375 0.6392403328125 0.20497816875 0.6368175093749999 0.2250219734375 0.6386340749999999 0.2326693078125 0.6595581140625 0.2446468640625 0.6644427765625001 0.2666657890625 0.669678053125 0.2817283953125 0.64619728125 0.2858068046875 0.6343204234375001 0.28615271875000003 0.6244147421874999 0.28509551875 0.621749765625 0.28553392187500004 0.5971999765625 0.2830241 0.573105521875 0.273985321875 0.5560409546875
2 0.26798320468750003 0.6450766796875 0.25438997812499997 0.6624675390625 0.2381016984375 0.673064690625 0.23286170468749998 0.6782746625 0.2314883828125 0.7176014734375 0.232232265625 0.7236111281250001 0.2517227921875 0.71485433125 0.27810140625 0.6912104359375 0.29182094062499997 0.6821984484375 0.30954113437499997 0.6710008375000001 0.3097162703125 0.66598560625 0.3079929484375 0.6509402484375 0.291571690625 0.6428129546875 0.27650454375 0.6422867984375 0.26798320468750003 0.6450766796875
2 0.631871409375 0.6767434328124999 0.6143863671875 0.6856238828125 0.6098419453124999 0.70779713125 0.5884155984375 0.7455714015625 0.583803296875 0.7576929078125 0.576514865625 0.7864698453125001 0.5831796406249999 0.7995434421875001 0.6003047171875 0.7889755125 0.614005321875 0.7565143875 0.6158541343749999 0.7515542625 0.6541424171875 0.7227432453125 0.6601944578125 0.703172784375 0.6605500640625 0.6929895453125 0.65636174375 0.68318163125 0.64696351875 0.6771118453125 0.6330656125 0.67662651875 0.631871409375 0.6767434328124999
2 0.8894339718750001 0.5807841375 0.85898006875 0.568820146875 0.837180459375 0.5680588875 0.8318386343749999 0.583380784375 0.8399252984375 0.5916222859375 0.8878073875 0.59538886875 0.8894339718750001 0.5807841375
2 0.1522614375 0.32702494375 0.13727871875 0.32650173437499996 0.09513867031249999 0.3304328078125 0.070074753125 0.32395108125 0.067762065625 0.3238703203125 0.055805934375 0.325885021875 0.0556598203125 0.3300691703125 0.055508371875 0.34840839687499997 0.069373596875 0.3637498625 0.0787740921875 0.3694807890625 0.10378805937499999 0.374856503125 0.127776115625 0.375243953125 0.1583251515625 0.3767609796875 0.1749725703125 0.360798340625 0.1750021296875 0.35995187500000003 0.1727818625 0.340797925 0.16950015937500001 0.3274230921875 0.15416792343750002 0.3268876796875 0.1522614375 0.32702494375
2 0.450689440625 0.0980756671875 0.4813981390625 0.11220444843749999 0.51418216875 0.0840849390625 0.5340221875 0.0829768796875 0.51277943125 0.089888821875 0.4948969734375 0.103671421875 0.48857412499999997 0.1129052515625 0.44815350625 0.11914748906249999 0.4360128890625 0.140334159375 0.44979959999999997 0.1579239546875 0.47137729375 0.17578586875 0.4959960578125 0.175294896875 0.501921153125 0.14308590625 0.5022352109375 0.1340924578125 0.533509171875 0.1320330375 0.5398006125 0.1236985375 0.5461705703125 0.113115675 0.547965928125 0.0960699828125 0.5411353609375 0.08547638125 0.5525824593750001 0.0669668453125 0.545580059375 0.0528808484375 0.52421411875 0.052134732812499994 0.5170322078125 0.054019668750000006 0.5070978109375 0.0635776125 0.45065285624999996 0.06475804375000001 0.450689440625 0.0980756671875
2 0.21967929375 0.47236456875000005 0.192816565625 0.4875369171875 0.1840437296875 0.4951337921875 0.17606533124999998 0.510111278125 0.17593430625 0.5138633359375 0.193567471875 0.5240395515625 0.20121300468749997 0.5255224296875001 0.20601552031249998 0.5272099890625 0.20618514999999998 0.5223523890624999 0.2034799890625 0.5186102828125 0.2011158390625 0.5167038984375 0.19914570781250002 0.5151152484375 0.19603589375 0.51135901875 0.199069715625 0.505689525 0.20668344218749998 0.5080831953125 0.2105494890625 0.5133856953125 0.2286729375 0.516450340625 0.23154776093749999 0.5153348453125 0.23907314531249999 0.4970554625 0.24704733750000002 0.48912673125 0.24426618437499997 0.4759588984375 0.23271219531249998 0.47038792812499997 0.21967929375 0.47236456875000005
2 0.0832610546875 0.662117278125 0.0740705671875 0.6649125609375 0.077332259375 0.6759647453125 0.0841523703125 0.6895719171875 0.08212607656250001 0.686665315625 0.084992515625 0.691626859375 0.1008572359375 0.6986628234375 0.11180381875 0.7061749984375 0.1193354546875 0.7064380078125 0.1218831484375 0.7058790015625 0.1245206359375 0.686267240625 0.1250838859375 0.670137834375 0.10985297187500001 0.667377484375 0.095393221875 0.66363155625 0.08827974375 0.662292534375 0.0832610546875 0.662117278125
2 0.5957500734375001 0.48009278593750004 0.5702105625 0.49793357031249996 0.5623750859375 0.502768846875 0.5553559203125 0.5025237328125 0.5341498859375 0.5060406265624999 0.5333047078125001 0.4753576640625 0.5612040359375 0.44482700937499997 0.5526813484375 0.40959598125 0.549201259375 0.40947445312499997 0.5164924296875 0.4262359453125 0.5111499703125 0.4328612234375 0.514472946875 0.4840663671875 0.5033875390625 0.4904911625 0.494706078125 0.5012573296875 0.4584672125 0.5144670609374999 0.43999184218750004 0.5129704140625 0.42436585156250006 0.5030584203124999 0.42429280937499997 0.450263759375 0.40077275468750007 0.410274121875 0.3795514921875 0.43252312968749995 0.3791501625 0.4623110890625 0.367040565625 0.47976945156250006 0.3764933765625 0.48350543906250004 0.3883942609375 0.50861410625 0.402758475 0.5363632765624999 0.4196454296875 0.5650519484375 0.4030690953125 0.5823542625 0.3798307703125 0.5525923234375 0.3559519125 0.6326495328124999 0.355780540625 0.6340557812500001 0.35502427812500004 0.6557123359375 0.3689211296875 0.6637558765625 0.3793684171875 0.6573087984375 0.385897975 0.6532793906250001 0.43546323124999997 0.6243567999999999 0.46221960156249997 0.6082614515625 0.47464058593749997 0.6001803515625 0.48315912499999997 0.5757847468749999 0.4540735171875 0.567105675 0.44208353906250003 0.544548378125 0.4460309515625 0.541280271875 0.4610043859375 0.53328830625 0.4935181453125 0.5352752484375001 0.4902818390625 0.5913602328125 0.524249984375 0.5882890015625 0.516178565625 0.5267001812500001 0.5213725078125 0.524327140625 0.557477315625 0.5332513265625 0.563441775 0.58199423125 0.582644375 0.58096185625 0.6068779953125001 0.563926875 0.615589153125 0.5523103359375 0.6009279671875001 0.5330656484375 0.5890567828125 0.5071065453125 0.618498778125 0.505580265625 0.6386364828125 0.49606563125 0.64577685625 0.489239025 0.6464794640625 0.46911898281250003 0.646205484375 0.46227054531249995 0.6265132515625 0.4590284609375 0.613246246875 0.47304038750000005 0.5957500734375001 0.48009278593750004
2 0.1477416453125 0.0313004546875 0.147891803125 0.039358965625 0.150539053125 0.060992696874999995 0.1537620015625 0.06110524375 0.16788153125 0.0601901703125 0.1799439703125 0.039350396875 0.1799750078125 0.038461575 0.168520590625 0.027206021875000003 0.15595648125 0.0267672734375 0.1543683828125 0.026929984375 0.1477416453125 0.0313004546875
2 0.69029874375 0.131690753125 0.6847447921875001 0.12653249375 0.67821783125 0.1263045671875 0.6540129218749999 0.133013265625 0.6419953984375 0.14769987499999998 0.6188184140625 0.1525014140625 0.6145984828125 0.1415638578125 0.605132528125 0.13260114375 0.6067657750000001 0.13524783437500001 0.5814399906250001 0.137806234375 0.5814264484375 0.1381940328125 0.584195946875 0.1556084484375 0.5969133859375 0.170295621875 0.5942665328125 0.163729075 0.6415287328125 0.1610634296875 0.6465941546875 0.164261559375 0.6451740984375001 0.1719809234375 0.6270951234375 0.1955196203125 0.6539626796875 0.20034233124999998 0.6738429734375 0.19110957343749999 0.7054271890625 0.19264413593750002 0.7144192484375 0.18012060624999998 0.7144303843750001 0.1798016890625 0.7077655218750001 0.15862877343749998 0.6933871640625 0.1585582875 0.6942477078125 0.1503877859375 0.69029874375 0.131690753125
2 0.645271659375 0.2269778921875 0.645117125 0.2314031625 0.6466940578125 0.2542443640625 0.6542500328124999 0.269066009375 0.675804459375 0.27741416406249997 0.6963887921875 0.25914448437500004 0.7055777671875 0.2544017640625 0.7175137031250001 0.238994865625 0.7222585796875001 0.22426005 0.72271629375 0.211152846875 0.71637998125 0.19799257812499998 0.7104789203124999 0.1977865078125 0.6883704765624999 0.203164996875 0.645271659375 0.2269778921875
2 0.5292461687500001 0.16697115625 0.515026865625 0.1797665140625 0.5224389796875 0.2123057609375 0.5603359546875 0.24966114843749998 0.5624123859375 0.190199928125 0.5624153765625 0.1842421265625 0.5475013640624999 0.1670799671875 0.5365942421875001 0.1666990828125 0.5292461687500001 0.16697115625
2 0.442937403125 0.1821899421875 0.42965262812500005 0.189917165625 0.42247808437499995 0.212737721875 0.42243546875 0.2139580734375 0.4400981171875 0.2307906375 0.4514821484375 0.2311881765625 0.46358335000000006 0.2246482875 0.47094555781249997 0.21272486875 0.47119065937500004 0.2057061140625 0.46509525468749996 0.19495252968750001 0.45964609218749997 0.1877998171875 0.4513461140625 0.18248358125 0.442937403125 0.1821899421875