1 0.15703125 0.55625 0.028125 0.028125
1 0.061186 0.50371631875 0.0432927 0.5558417828125 0.0390881734375 0.5950226125 0.039107421875 0.596125296875 0.0629764578125 0.613894459375 0.06313899687499999 0.613891621875 0.071358071875 0.583765553125 0.08968885 0.556703325 0.09161186875 0.5232419312500001 0.1309767859375 0.48756562031249995 0.1309679171875 0.4870575578125 0.12076584374999999 0.45661194062500005 0.092028128125 0.45711355937500003 0.0719394796875 0.473443571875 0.061186 0.50371631875
1 0 0.34155491250000003 0.00010453125 0.3417388421875 0.0352390203125 0.40277443125 0.0384525421875 0.4027183390625 0.06716374375 0.37733893125 0.0831048609375 0.35700397968750003 0.09514066875 0.328380240625 0.09975208906250001 0.3102295234375 0.0997465578125 0.30991263281250003 0.03679196875 0.3096175984375 0 0.3102598046875 0 0.34155491250000003
1 0.0953125 0.1359375 0.0421875 0.0484375
1 0.04296875 0.6625 0.0390625 0.040625
1 0.06953125 0.19921875 0.0375 0.0359375
1 0.2375 0.1796875 0.05 0.0328125
1 0.265625 0.79609375 0.0484375 0.0296875
1 0.1609375 0.92265625 0.0265625 0.0265625
1 0.09296875 0.78203125 0.0359375 0.034375
1 0.38984375 0.1609375 0.0328125 0.034375
1 0.2921875 0.2890625 0.0359375 0.0359375
1 0.1703125 0.35390625 0.0609375 0.0171875
1 0.03671875 0.96796875 0.0359375 0.0421875
1 0.125 0.99296875 0.0375 0.0140625