1 0.6530076171875 0.7428173124999999 0.6551482 0.71874048125 0.6458889812499999 0.709994734375 0.6230224734375 0.69941170625 0.6205152265625 0.6996310625 0.6120454234375 0.7357834578125 0.6246676109375 0.750605534375 0.642643996875 0.753810715625 0.6530076171875 0.7428173124999999
1 0.6278464125000001 0.643402503125 0.6392526640625 0.6402810703124999 0.6548122265625 0.6360884296875 0.6592514609375 0.6264966734375 0.6587552390625 0.6208248265625 0.6514846078125001 0.6101895265625 0.6426953984375 0.6051509078125 0.6311503 0.6061609734375 0.6110403453125001 0.6151436171875 0.6106825515625001 0.61773603125 0.6120762953125001 0.6336665859374999 0.6278464125000001 0.643402503125
1 0.677120246875 0.556754934375 0.6847156578125 0.552551228125 0.699836103125 0.5554753906250001 0.7066940234375 0.54284214375 0.7047710078125 0.5451339 0.703577046875 0.525418875 0.6992696703125 0.5107985953124999 0.6897123984375 0.5116347484375 0.6840311859375 0.5143878187500001 0.671876453125 0.5283677359375 0.6732803390625001 0.544414234375 0.677120246875 0.556754934375
1 0.7716821781250001 0.57149180625 0.779040515625 0.566601003125 0.7834507234375 0.560375490625 0.7738227609375 0.547414971875 0.7702883828125 0.5406600390625 0.7613179515625 0.54144485 0.7485971859375 0.544761234375 0.7503915390625 0.5652707859375 0.7567000125 0.57014818125 0.7716821781250001 0.57149180625
2 0.699005725 0.766746025 0.6991332046875 0.7682031203124999 0.7006805171875 0.7724702140625 0.7034891703125 0.7817211609375 0.7050820578125 0.7815818015625 0.7253588718749999 0.771372896875 0.729812071875 0.760310653125 0.7297565953125 0.759676546875 0.715131696875 0.7515633703125 0.7120601062499999 0.7512237265625 0.7038952234375 0.7519380609375 0.699005725 0.766746025
2 0.70827803125 0.6558780359374999 0.7244132796875 0.6501472609375 0.729905759375 0.6401109109374999 0.7193338046875 0.6325417718749999 0.7004572921875 0.6314667671875 0.6968095437499999 0.631785903125 0.6869173046875 0.642279275 0.6931362109375 0.6486366171875 0.7058814921875001 0.65608770625 0.70827803125 0.6558780359374999
2 0.76130545625 0.679679625 0.7732152218749999 0.6703973609375 0.77306181875 0.6663543015625 0.7721449859375 0.6558748515625 0.7558336 0.6485805265625 0.7487816671874999 0.649197490625 0.7437228874999999 0.6650144203125 0.7485258031249999 0.6794588328125 0.752775771875 0.680425875 0.76130545625 0.679679625
2 0.7652154546875 0.591608215625 0.7584673953125 0.59538386875 0.748195959375 0.6074309640625 0.7597469359375 0.618099721875 0.766207371875 0.6191271453125 0.7767203390625 0.6017501296875001 0.7749927640625 0.59818511875 0.7652154546875 0.591608215625
1 0.6133582703125 0.9554112859374999 0.620751634375 0.9590114812499999 0.6424234640625001 0.9596485781249999 0.643537871875 0.9595510812500001 0.6545841234374999 0.9411869078124999 0.6555017484375 0.9277781796875001 0.6542664859375 0.9136590703125 0.6305002609375 0.9105007328125 0.629800109375 0.9105619875000001 0.61944813125 0.9198404734375 0.6074096828125 0.9388805078125 0.6082504671875 0.9484907078125 0.6133582703125 0.9554112859374999
1 0.2118267015625 0.6750094171875001 0.2224250875 0.67479001875 0.226564034375 0.683961025 0.2283532609375 0.6838044875 0.2339190609375 0.6787392984375 0.24269107812500001 0.6758483281250001 0.24299836562500002 0.6793606375000001 0.246291278125 0.668454965625 0.24370114687500002 0.6509856015625 0.23323459375 0.6405758859375 0.220333478125 0.6358289140625 0.21212035937499998 0.63654746875 0.2023706671875 0.6477611984375 0.204003821875 0.6664282375 0.20430166718749998 0.6678815484375 0.2118267015625 0.6750094171875001
1 0.1045974921875 0.15584605468749999 0.101696496875 0.1508618671875 0.1015803484375 0.133353021875 0.085193259375 0.132132309375 0.08107067343749999 0.13355475 0.0686185140625 0.140844671875 0.070403584375 0.16124812500000002 0.07572936875 0.1695909484375 0.0929682625 0.1643665875 0.1049669078125 0.160068490625 0.1045974921875 0.15584605468749999
1 0.3420360140625 0.2094322640625 0.3497059375 0.216193540625 0.35459671875 0.2165253015625 0.3697649 0.21519825781250002 0.3734513625 0.21252344843749998 0.38161649375 0.2036673609375 0.3803706140625 0.189426890625 0.369868053125 0.17730128125 0.35265056562499997 0.178807615625 0.34797653125 0.18024506875 0.3361767453125 0.187199521875 0.33729136249999997 0.199939659375 0.3420360140625 0.2094322640625
1 0.361578303125 0.2803362125 0.370415015625 0.28445339375 0.379823578125 0.286815525 0.3970053171875 0.2890284703125 0.4032002640625 0.2789306609375 0.40241668124999996 0.269974271875 0.395875125 0.2599290015625 0.38633006718749996 0.2480105921875 0.3817227078125 0.2484136828125 0.3642754015625 0.2547304328125 0.36192648437499997 0.2602447265625 0.36110503125000004 0.2749266921875 0.361578303125 0.2803362125
1 0.62783355 0.3443683859375 0.6332012625 0.3358788015625 0.632484353125 0.3276844921875 0.630151828125 0.3216598140625 0.6202362406249999 0.3135023703125 0.613545340625 0.30984071874999997 0.60282894375 0.3128367515625 0.603881 0.3248618234375 0.6052780375 0.3286139015625 0.6111632250000001 0.3392474734375 0.6254151234374999 0.3445799703125 0.62783355 0.3443683859375
1 0.524325475 0.54498165 0.5286378765624999 0.55169904375 0.5355286515625 0.5542703765625 0.546890484375 0.5554994171875001 0.5489503390625 0.555319203125 0.5565161296875 0.5492600125 0.564226128125 0.5339841703125 0.5659208390625 0.5157325203124999 0.5656531703125001 0.512673046875 0.5524022171875 0.5079631484375 0.5456521296875 0.5085537046875 0.5334736734375001 0.5144552874999999 0.5245194921875 0.52095223125 0.5224842984375 0.5239369 0.524325475 0.54498165