1 0.5705333296874999 0.3965277171875 0.5847064375000001 0.396775109375 0.5879986828125 0.3956773703125 0.5881245749999999 0.3884650703125 0.59280053125 0.3761547984375 0.5928156140625 0.375290659375 0.5885202328125 0.36579784531250004 0.5835783109375 0.36107369375 0.5686896015625 0.35050738593749997 0.55938966875 0.35189101875 0.556936546875 0.359578015625 0.5545463703125 0.36365886718749996 0.5537561890625 0.37477361875000004 0.5536946625 0.378298490625 0.5622105953125 0.3895587046875 0.5705333296874999 0.3965277171875
1 0.6382635375000001 0.45457375781250003 0.6499536484374999 0.449109275 0.6539702468749999 0.440418925 0.654345534375 0.4314119703125 0.6544692953125 0.42432168593749997 0.6500618484375 0.42076850156249995 0.6439158453125 0.4185999359375 0.6268974421875 0.41933352187499995 0.6237704875000001 0.4213402234375 0.6177860546875 0.432057509375 0.6135661453125001 0.43990235312500003 0.6135520046875 0.4407124265625 0.6181631421875 0.454738225 0.6324049953124999 0.4580787453125 0.6382635375000001 0.45457375781250003
1 0.63385276875 0.3520328390625 0.63354608125 0.3696029765625 0.6531126234375 0.37094627343750003 0.6571142859375 0.373035184375 0.6652474828125 0.37317714999999996 0.6721669546875 0.37166535624999997 0.6810798609375001 0.36293164375 0.68269954375 0.35870851406250004 0.682868146875 0.3490491859375 0.68245414375 0.34324459687500003 0.670663284375 0.34144733125000004 0.654223796875 0.3411603796875 0.6510493609375 0.3415369515625 0.6390589546875 0.3494439671875 0.63385276875 0.3520328390625
1 0.0658360046875 0.609626990625 0.077170884375 0.5989192125 0.077245615625 0.5946378015625 0.0662910578125 0.588792653125 0.06117987968750001 0.586384490625 0.04517606875 0.588037596875 0.0389334015625 0.59140705 0.0341451390625 0.5986345 0.03410624375 0.6008627875 0.046657790625 0.6092922328125 0.0658360046875 0.609626990625
1 0.37855083125 0.48068997812500003 0.38621079687500004 0.47860016562499996 0.386817825 0.47290086093749995 0.38296460312499997 0.461033140625 0.37077390625 0.46158167031249997 0.3595913515625 0.4625284578125 0.3484420078125 0.4615725265625 0.334798775 0.474276528125 0.3347721953125 0.4757992984375 0.3389782390625 0.47999923593749994 0.37855083125 0.48068997812500003
2 0.583088303125 0.7208098078125 0.5826875203124999 0.7137220484375 0.5771668796875 0.6994641609375 0.567797384375 0.695366859375 0.554537840625 0.7037896781249999 0.5510896562500001 0.706597540625 0.5510680171875 0.7078372390625 0.5696357812499999 0.72156155625 0.580879390625 0.7217578140625001 0.583088303125 0.7208098078125
2 0.5810241359375 0.8530303343750001 0.6052119609375 0.8534525343749999 0.6115273265625001 0.8495467187499999 0.6149743562500001 0.8487486125 0.620346125 0.8331608453125 0.6203548750000001 0.83265963125 0.6142482953124999 0.8302472812499999 0.5959444046875 0.8271741562500001 0.58689331875 0.8348836828125 0.5800288546875 0.8392560187500001 0.579830128125 0.8506410437499999 0.5810241359375 0.8530303343750001
2 0.5141844390625 0.8066039484375 0.5062438140625 0.810792478125 0.5008699812499999 0.8181728125 0.5006724078125 0.8195946046874999 0.500577015625 0.8250595781250001 0.5108594203125 0.8252390578125001 0.5196501625 0.824007884375 0.5355863249999999 0.8124847796875001 0.5483627156249999 0.8016932734375001 0.53374980625 0.7975044453125 0.5280781515624999 0.7918981890625 0.516004578125 0.7924741953125001 0.5179509265625 0.8011624328125 0.5284514812500001 0.8005589687500001 0.5141844390625 0.8066039484375
2 0.6042923265625 0.7784250578125 0.60775865 0.7784855625 0.615706603125 0.7771149562499999 0.6181210515625 0.7740100953125 0.6245566953125 0.7787787734375 0.6302547875 0.778878234375 0.6331105375 0.771649234375 0.635708034375 0.75805755 0.6275777953125 0.750572621875 0.6208558359375 0.75255329375 0.6156885953125 0.7556101046875 0.6082258859375 0.754955340625 0.601471209375 0.7484267124999999 0.595942990625 0.7483302171874999 0.5912701218749999 0.7572818828125001 0.6042923265625 0.7784250578125
2 0.5003294359375 0.632855834375 0.5027621890625 0.6287022906249999 0.5113134406250001 0.612067525 0.511551403125 0.5984346546875 0.5010341703125001 0.5924815671875 0.49929640312499995 0.6018922484375 0.49251952968749996 0.6070189671875 0.4868308984375 0.617409690625 0.48198369531249996 0.62466809375 0.4725623109375 0.6394369046875 0.47238521718750004 0.649582678125 0.47427357499999995 0.6607240765625 0.48854061406250004 0.654679096875 0.4953174890625 0.6495523796875 0.48758020625 0.6646278515625 0.488759675 0.687201978125 0.4916863 0.692071659375 0.4931937984375 0.6920979734375 0.49997219531250003 0.6758586734375001 0.5090719921875 0.67287050625 0.5185009828125 0.6735595890625 0.5235312359375001 0.6558143640625 0.5102154484375 0.652434928125 0.5018564 0.65805853125 0.49593925624999996 0.6590042484375 0.500503034375 0.6454468875 0.49429331093749995 0.6406179875 0.5003294359375 0.632855834375
2 0.4512955265625 0.59916509375 0.45641968281249995 0.5986324578125 0.4673324859375 0.59594666875 0.46045430625000006 0.5871977890625 0.44083004531250003 0.5763089109374999 0.41838219218750006 0.580710871875 0.4110732546875 0.580974596875 0.41095552812499997 0.58771910625 0.41239717656249997 0.5940290109374999 0.42589883281249996 0.5987217921875 0.4512955265625 0.59916509375
2 0.640386665625 0.614589859375 0.6418293078125 0.611290903125 0.6421132203125001 0.59502553125 0.6300343203125001 0.5851670453125 0.6207089296875 0.584592415625 0.60714991875 0.5843557421875001 0.5984750171875 0.58823890625 0.598457178125 0.5892609046875 0.6060659296875001 0.6034444531250001 0.60335945 0.6120260328125 0.6098058562500001 0.61599654375 0.631182453125 0.6163696734374999 0.640386665625 0.614589859375
2 0.6067982453125 0.5128937437500001 0.6173144500000001 0.51923785 0.618084515625 0.519251290625 0.6249756343749999 0.515128546875 0.6348056671875 0.50123835 0.6356529609375 0.48016046718750005 0.6305040875000001 0.473039703125 0.62071180625 0.470852271875 0.6175637484375 0.470797321875 0.6112566984375001 0.47717794218750004 0.6092616921875 0.48161732187500006 0.602273596875 0.497474640625 0.6067982453125 0.5128937437500001
2 0.900773459375 0.2378354328125 0.8907876421875001 0.233186928125 0.885885184375 0.237777553125 0.885761128125 0.24488480468749999 0.8921130312500001 0.2489925859375 0.9044385265624999 0.24920772812499997 0.9044527859375 0.24839084531250002 0.903080396875 0.24298907656250002 0.900773459375 0.2378354328125