1 0.431763059375 0.6571686078125001 0.4462656359375 0.67010354375 0.45206839531250004 0.6705093125 0.47312519843749995 0.637934671875 0.4733573390625 0.634614903125 0.45501551406249996 0.6158659359375 0.431763059375 0.6571686078125001
1 0.3810228296875 0.7268883921875 0.40297040468749995 0.7547897125 0.40529114999999993 0.7549519953125 0.43125476718750005 0.721524578125 0.4315304390625 0.717582271875 0.39810953437499996 0.6816738828125 0.3810228296875 0.7268883921875
1 0.44155998125 0.6917504265625001 0.44155150625 0.6918716296875 0.46670361250000003 0.7310526937499999 0.46900723749999995 0.7312137796875 0.48046144531249996 0.7122162796875 0.4809160875 0.7057145921875 0.45365130468750003 0.6635280734375 0.44155998125 0.6917504265625001
1 0.3576238171875 0.5883303828125 0.3256660140625 0.6077630390625 0.340960096875 0.6502093390625 0.34318617812499996 0.650365003125 0.3655387328125 0.6309373265625 0.3660882515625 0.6230788546875 0.3582663203125 0.5883753109375001 0.3576238171875 0.5883303828125
1 0.4114770296875 0 0.3942065484375 0.0280853484375 0.39382366874999997 0.0335607953125 0.4028354625 0.056203578125 0.4146413625 0.057029128124999995 0.4285267359375 0.054732790625000007 0.4404306015625 0.030320151562499998 0.4408908453125 0.02373836875 0.416668234375 0 0.4114770296875 0
1 0.40479186875 0.35285809375 0.3852386859375 0.3862359828125 0.385000084375 0.3896481421875 0.3985533609375 0.40989144062499994 0.4144212578125 0.41100103125 0.41642522812499994 0.4105230515625 0.420301134375 0.385383015625 0.420760671875 0.3788113109375 0.40479186875 0.35285809375
1 0.6110607203125 0.8729457546875 0.5665808359375 0.8785386031250001 0.5506158546875 0.8961272984375 0.5505709515625 0.8967694265624999 0.5730790078125 0.9121240734375 0.61922033125 0.9006091671875 0.6192907890625 0.8996015765625 0.6110607203125 0.8729457546875
1 0.6919588562500001 0.5099810984375 0.644171371875 0.4859279359375 0.5999302375 0.504489734375 0.5999019578125 0.504894153125 0.6564979515625 0.53600445 0.6605515375000001 0.5362879046875 0.6919189578125 0.5105516640625 0.6919588562500001 0.5099810984375
2 0.573049121875 0.1318625296875 0.5718744984375 0.13178039218749998 0.5551052171874999 0.1460967859375 0.566730171875 0.2101989203125 0.5718253984375 0.2105552140625 0.5901227578125 0.20539696406250002 0.5915985312500001 0.1980509359375 0.5931658093750001 0.1756378265625 0.573049121875 0.1318625296875
2 0.28423314375 0.41237304375 0.2577117375 0.4419898015625 0.2742902046875 0.47011999375 0.28078158593749997 0.470573915625 0.306406175 0.468601340625 0.30683885 0.46241380625 0.28553502656249996 0.41246408125 0.28423314375 0.41237304375
2 0.329636975 0.2460475078125 0.3074753953125 0.26851610937500003 0.3074334875 0.2691154109375 0.32309845312499996 0.313768821875 0.3272156 0.3140567203125 0.3446798671875 0.302051075 0.3448572765625 0.2995140078125 0.32981242499999996 0.24605977656250003 0.329636975 0.2460475078125