1 0.4389817 0.8779690984374999 0.46174032187499997 0.8875 0.46315714531249996 0.8875 0.471552565625 0.8796259375 0.475968928125 0.8688564296875001 0.47044844374999994 0.8576726984375 0.45613217500000003 0.85 0.4501008296875 0.85 0.4351173765625 0.8518737234374999 0.4296875 0.8629849421875001 0.4296875 0.8659074765625 0.43070097343749997 0.8684422078124999 0.4389817 0.8779690984374999
1 0.3765625 0.8607049078125 0.37700825 0.8618993937500001 0.38363285625 0.865627309375 0.3965807515625 0.86875 0.4183090703125 0.86875 0.4344212953125 0.8618993937500001 0.439941778125 0.8552720062500001 0.4371815375 0.842431421875 0.4250364875 0.8337329734375001 0.41257961249999997 0.828125 0.41054390625000003 0.828125 0.4079229953125 0.8304192796875001 0.38308081562499996 0.8370466671875001 0.3765625 0.8465565640625 0.3765625 0.8607049078125
1 0.181521796875 0.7853291265625 0.1760013125 0.790713896875 0.1734375 0.7981338124999999 0.1734375 0.802723284375 0.1793136375 0.80645395625 0.19145868593749998 0.8114245046875 0.20360373437499998 0.8134955625 0.214644703125 0.8052113203125 0.214644703125 0.7981697109375 0.2063639765625 0.7874001875000001 0.19784011562499998 0.783001903125 0.197519821875 0.7828125 0.189571615625 0.7828125 0.181521796875 0.7853291265625
1 0.156870475 0.7921875 0.1554567625 0.7921875 0.14954178437500001 0.796621815625 0.146875 0.809950090625 0.146875 0.820902621875 0.1532696984375 0.8358172875 0.1615081453125 0.8495422046875 0.1618783171875 0.8495422046875 0.16859554999999998 0.8479623359374999 0.1739803046875 0.8435459312500001 0.17530519687499999 0.835011359375 0.17530519687499999 0.8198039937500001 0.1739803046875 0.8109751078125 0.1706666109375 0.80269438125 0.156870475 0.7921875
1 0.0961720109375 0.8109757156249999 0.0886656453125 0.809375 0.0850873625 0.809375 0.0758756109375 0.817048196875 0.075 0.8167564796875 0.075 0.8321144296874999 0.07504718125 0.8330576515624999 0.080846159375 0.8496191046874999 0.09109593906249999 0.8612558234375 0.0962067625 0.8612558234375 0.1007283359375 0.860107990625 0.10942678593749999 0.851827265625 0.11202251562500001 0.8384834984375 0.11202251562500001 0.8358943 0.10694151874999999 0.818704359375 0.0961720109375 0.8109757156249999
1 0.0384095109375 0.52948056875 0.028099231250000002 0.551810034375 0.0234375 0.5745910515625 0.0234375 0.5764926453125 0.0251994578125 0.5874513296874999 0.030913325000000002 0.5876284125 0.0392431921875 0.5876284125 0.0609632671875 0.55868066875 0.0616076515625 0.5539570984375 0.0640625 0.5423801734375 0.0640625 0.5264080484375 0.0614693265625 0.525 0.048308290625 0.525 0.0384095109375 0.52948056875
1 0.5250348390624999 0.64312433125 0.545612996875 0.6447079453125 0.556165890625 0.6371858078125 0.5640805624999999 0.618974321875 0.562741646875 0.6109375 0.536442578125 0.6109375 0.5303112890625 0.6142235140625 0.525 0.6216956828125 0.525 0.642989271875 0.5250348390624999 0.64312433125
1 0.34375 0.56779930625 0.3554648359375 0.571827996875 0.36341988125 0.5765625 0.3646336390625 0.5765625 0.378626690625 0.569939003125 0.38416537812499996 0.566161015625 0.38517239999999997 0.5635164203125 0.38517239999999997 0.555582653125 0.3756055515625 0.548782278125 0.36162485625 0.546875 0.358270740625 0.546875 0.345394478125 0.5533158515625 0.34375 0.5584276609375001 0.34375 0.56779930625
0 0.1046875 0.6139412546874999 0.1149039078125 0.6179565593749999 0.12296022499999999 0.6228679406250001 0.1345411515625 0.619089953125 0.138569234375 0.6156897734375 0.138569234375 0.6028446093750001 0.13014518749999998 0.596875 0.11927422031249998 0.596875 0.10483355000000001 0.6036002093749999 0.1046875 0.6065592484375 0.1046875 0.6139412546874999
1 0.146769340625 0.4703125 0.14076370625 0.4703125 0.13388997656249998 0.48426808593750004 0.1300565890625 0.49449468750000003 0.14751964374999998 0.506638771875 0.1662604265625 0.5072779374999999 0.1824456828125 0.50248421875 0.18713090937500002 0.490340121875 0.18031604375000002 0.4785156265625 0.1688160171875 0.47468065 0.1534826 0.47244357812500004 0.146769340625 0.4703125
1 0.2224825125 0.428125 0.1956114625 0.428125 0.19375 0.43283880625000004 0.19375 0.4462663125 0.1944335140625 0.4508819953125 0.2003965375 0.461108609375 0.20635949843749998 0.46558275 0.2091610984375 0.4671997421875 0.22425870468750003 0.4671997421875 0.23191514687499998 0.4662219046875 0.232696125 0.461094675 0.232696125 0.4475589453125 0.23148925625 0.43777916875 0.2224825125 0.428125
1 0.46367341562500003 0.425 0.45552854531250003 0.42891118281249996 0.45057049375 0.4425516015625 0.4560794296875 0.45247185781250004 0.4670973015625 0.46280549843749996 0.473157165625 0.46321887031250003 0.4830732703125 0.45701868437500004 0.48692950625 0.44213823124999996 0.48637858125 0.43552470625 0.472789965625 0.425 0.46367341562500003 0.425
1 0.50625 0.489367096875 0.511164565625 0.5041170484374999 0.516673503125 0.513623996875 0.53430208125 0.5115572703125 0.53430208125 0.5008102859375 0.5332003125 0.4925433734375 0.5265895609375 0.48344976562499997 0.5142468484375 0.4796875 0.50708200625 0.4796875 0.50625 0.48040094531250005 0.50625 0.489367096875
1 0.0552228234375 0.472460228125 0.06982820468749999 0.47719506406249995 0.0844335859375 0.466147084375 0.09390735312500001 0.451416365625 0.0824598875 0.4293203265625 0.07574930468749999 0.42458540781250004 0.0662755546875 0.42353322968749996 0.053125 0.4327834359375 0.053125 0.467083471875 0.0552228234375 0.472460228125
1 0.009289907812500001 0.4099751921875 0.0078125 0.416441528125 0.0078125 0.43387059062500005 0.0087637796875 0.4395806890625 0.015076921875 0.44826497343750005 0.0340164296875 0.44826497343750005 0.068738834375 0.44510705625 0.0739998 0.43405432343749994 0.0708431875 0.42260687499999994 0.059795129687500004 0.409185709375 0.0455905375 0.40879097656249996 0.0355947359375 0.4064225265625 0.009289907812500001 0.4099751921875
1 0.8152699125 0.24375 0.8019981312500001 0.24757445625000002 0.7875 0.2681047359375 0.7875 0.2853951484375 0.7887934109375 0.3029780578125 0.8019981312500001 0.308844328125 0.81520283125 0.299067225 0.8220497015625 0.2840756921875 0.8196043859375 0.278861215625 0.8240059593750001 0.278861215625 0.8259622 0.278861215625 0.8308528296875 0.2514853375 0.8217323359375 0.24375 0.8152699125 0.24375
1 0.8765625 0.41409106875 0.8765625 0.414904540625 0.8887182453125 0.42978562187499997 0.9050134234374999 0.43712156562500004 0.929130265625 0.43858876875 0.9328125 0.43076068593750005 0.9328125 0.4230204546875 0.9278266703125 0.4141356359375 0.9193531593750001 0.40631061874999996 0.9081436343749999 0.4046875 0.8805908984374999 0.4046875 0.8765625 0.41409106875
1 0.79375 0.47507855 0.8214369984375001 0.479406484375 0.8469019015624999 0.47622202031249994 0.8578153921875 0.469853090625 0.862059565625 0.4571152515625 0.8567414718749999 0.453125 0.8371693062500001 0.453125 0.8275000640625001 0.4571152515625 0.8038540984375 0.46211941406249996 0.79375 0.47329187812500007 0.79375 0.47507855
1 0.69375 0.51728525 0.69375 0.520273740625 0.695371934375 0.528183846875 0.7087193953125001 0.528183846875 0.7199649515625001 0.5243868484374999 0.7314847828125 0.51210390625 0.739973084375 0.5030054546875 0.742121796875 0.4984375 0.7193506734375 0.4984375 0.7157208234375 0.49891115937499997 0.69874426875 0.509374384375 0.69375 0.51728525
1 0.7125 0.5394164781249999 0.7142093984375 0.5442577140625 0.7246726328124999 0.5582027843749999 0.7351358578125 0.5642658484374999 0.7424146281249999 0.5624469109375 0.7433244671875 0.5412261828125 0.7351358578125 0.5315252874999999 0.7240382171874999 0.525 0.7125 0.525 0.7125 0.5394164781249999
1 0.7248553390625 0.6286989984375 0.7422524875 0.6349197640625001 0.76172525 0.6359375 0.7639050000000001 0.6359375 0.764147465625 0.633675459375 0.764147465625 0.6298302812500001 0.76304421875 0.615126528125 0.757103721875 0.60438161875 0.7374058406249999 0.5953125 0.7266933625 0.5953125 0.7146716328125 0.598160896875 0.7140625 0.5998747640625 0.7140625 0.6212404828125 0.7248553390625 0.6286989984375
1 0.1 0.74175834375 0.1 0.7538995015625 0.106994484375 0.7637782734375 0.11592481562500001 0.767798628125 0.126914171875 0.7686030703125 0.1414087234375 0.7686030703125 0.1578171234375 0.753598378125 0.1578171234375 0.751636290625 0.142120425 0.74635673125 0.137952953125 0.744569903125 0.11116195468750001 0.7392094296875 0.1 0.74175834375
2 0.71111145625 0.566736965625 0.841880384375 0.565646778125 0.9421366953125 0.565646778125 0.994444134375 0.559105571875 0.9973502875 0.5035051140625 0.9958972109375 0.44790473906250006 0.9958972109375 0.35523741875 0.990085346875 0.286554590625 0.9784613984374999 0.247307271875 0.9392307640625001 0.210240328125 0.908717925 0.1982481015625 0.8505984015625 0.16990278125 0.8113677687499999 0.1568203265625 0.7346813796875 0.1453125 0.620625684375 0.1453125 0.606496359375 0.145918290625 0.5440178265625 0.1611811578125 0.4568386515625 0.19170685625 0.3653003578125 0.21242074375 0.2970099640625 0.2364052359375 0.2563262515625 0.242946440625 0.2127366078125 0.2549386640625 0.16478795468750002 0.281103571875 0.079061746875 0.32144111875000003 0.0441900125 0.33779417500000003 0.019489146875 0.3508766296875 0.0125 0.590139409375 0.0125 0.74938058125 0.0165832140625 0.7498912328125 0.0456429765625 0.7346283625 0.11248040625 0.6964712296875 0.1807709140625 0.6746671546874999 0.23598439375 0.6452316031249999 0.35077047656250004 0.6190667796875 0.3972660515625 0.6038039093750001 0.5091462015625 0.5929018734375 0.560000784375 0.584180209375 0.71111145625 0.566736965625