1 0.703125 0.2484375 0.0375 0.046875
1 0.55390625 0.68515625 0.034375 0.034375
1 0.53359375 0.54765625 0.0265625 0.025
1 0.26015625 0.525 0.034375 0.0328125
1 0.9265625 0.52890625 0.021875 0.0203125
1 0.72421875 0.36484375 0.0296875 0.0296875
2 0.696875 0.60859375 0.0296875 0.0171875
2 0.646875 0.615625 0.025 0.0265625
2 0.8224447390625 0.28857096875 0.8223357625000001 0.290650375 0.8343346500000001 0.2949967765625 0.8484840078125 0.28449304999999997 0.8680588640625 0.2840021828125 0.8681839437500001 0.2816155109375 0.8641822843750001 0.2643944359375 0.843849671875 0.266467053125 0.8272525125 0.277103946875 0.8224447390625 0.28857096875
1 0.5064813234375001 0.48818087343750005 0.490019815625 0.47923785625 0.4727739796875 0.485260034375 0.47433553437500003 0.514200153125 0.51492814375 0.5105558984375 0.5064813234375001 0.48818087343750005
2 0.10703125 0.52734375 0.0421875 0.04375
2 0.10078125 0.60390625 0.034375 0.0328125
2 0.10546875 0.925 0.0359375 0.0296875