1 0.5861499609374999 0.584958809375 0.58616603125 0.5844985828125 0.5786226437499999 0.5653200515625 0.5648879124999999 0.55356345 0.549633790625 0.5530307640625 0.5383748125000001 0.5651460312500001 0.5383574328125 0.5656437375000001 0.5451816328125 0.5810750109375 0.554954096875 0.5894723749999999 0.57763225625 0.5902643125 0.5861499609374999 0.584958809375
1 0.8989314859374999 0.5262657078124999 0.8672751890624999 0.525160246875 0.8570091953125001 0.53287935 0.870694609375 0.5446390812499999 0.8855246093750001 0.5525491265625 0.921524534375 0.553806271875 0.9217351171875 0.552510934375 0.9221387046875 0.5409537015625 0.9133797046875 0.5319825421875 0.8989314859374999 0.5262657078124999
1 0.93382129375 0.4777327984375 0.9292520703125 0.46723613124999996 0.9090473421875 0.4693922890625 0.8969378375 0.48396273437500004 0.8866193734375001 0.49675871875000005 0.8810178828125 0.513301703125 0.8809384437500001 0.515576534375 0.8918779640625001 0.5199384890625 0.9193837484375 0.5208990124999999 0.93213374375 0.5058660140625 0.93382129375 0.4777327984375
2 0.0896484578125 0.7277664765625 0.1502103265625 0.7157790703125 0.17505238125 0.677160190625 0.1800323515625 0.6152840625 0.2307369375 0.5895552656249999 0.286507465625 0.580221 0.3467249953125 0.5780931453125 0.3826169609375 0.5997948328125 0.41900482656250004 0.6342058749999999 0.427382446875 0.6634081015625 0.45159323437500004 0.6966887765625 0.480964184375 0.7167525390625 0.5374068078125 0.7419923140625 0.6005631499999999 0.7364415281250001 0.6287906249999999 0.708517578125 0.6213762515625 0.6786438859375 0.6610717187499999 0.69906815 0.7221008578125 0.6736998937500001 0.7466272421875 0.6710308046875 0.7877040375 0.678811259375 0.8468640984375 0.7069663671875 0.8954250078125 0.71571329375 0.91632408125 0.7361863171875 0.9671310468750001 0.734434965625 0.9899975703124999 0.6985675640625 0.9940430359375 0.6634531406249999 0.97166029375 0.6316464953125001 0.9220092062499999 0.6002978484375 0.8665296843749999 0.5743866046874999 0.8321419390625 0.536519828125 0.8092387000000001 0.49270808906249997 0.7750231828125 0.44991147031249995 0.742758528125 0.40506775 0.6986857625 0.3485297875 0.6468336203125 0.2994764609375 0.5925878671875 0.2651469265625 0.4883015796875 0.237531284375 0.42637900625 0.23466379843750002 0.393974946875 0.24763450312500002 0.3321096421875 0.296947403125 0.2843232765625 0.346752003125 0.2501198796875 0.38433886093749997 0.1969478640625 0.426904225 0.14001741875 0.44254401874999993 0.08876770625 0.4569719796875 0.046658 0.47877023124999996 0.032237440625 0.5083127453125 0.0301076359375 0.5693023671875 0.0279310265625 0.764936421875 0.031777525 0.7650707453125001 0.053219521874999995 0.7483528703125 0.0896484578125 0.7277664765625
1 0.2432406984375 0.4032498953125 0.20512727343749998 0.39134223437500004 0.172575653125 0.4085384578125 0.169742334375 0.4210298359375 0.1694731296875 0.42873885625 0.1812196609375 0.434105003125 0.200466978125 0.4440630375 0.2329940046875 0.42757105781250004 0.2432406984375 0.4032498953125
1 0.4443778734375 0.70489531875 0.4443843875 0.7047087624999999 0.43237876875000003 0.6855189312500001 0.41704905937500003 0.6802849156249999 0.39814841093750003 0.6965401359375 0.39568038906249997 0.7114947843749999 0.3950341703125 0.7300000890625 0.39723354375 0.7403098921875 0.4271396015625 0.7413542359374999 0.44079427656250003 0.7312807125 0.4443778734375 0.70489531875
1 0.458501803125 0.479524553125 0.4585363703125 0.47853468593750004 0.4375054546875 0.46731720625 0.419328046875 0.48202868906249996 0.4192988765625 0.48286401406249996 0.4232749453125 0.4988841546875 0.44523024375000003 0.49965085 0.4543550234375 0.49611016250000006 0.458501803125 0.479524553125
1 0.0617327390625 0.3800206484375 0.0659998109375 0.3846725609375 0.091041084375 0.38878479062500004 0.0940673703125 0.3888904703125 0.12510284375 0.38316925625 0.1367594296875 0.37229446093749996 0.1410303453125 0.3576362359375 0.131914934375 0.3495616625 0.11691801718749999 0.34434831250000003 0.11472979218749998 0.3442718984375 0.084022009375 0.348594321875 0.0656723328125 0.36276090625 0.062090023437499996 0.36978934531249996 0.0617327390625 0.3800206484375
1 0.5290145953125001 0.4668033375 0.5291282390625 0.46354902343750004 0.5200210296875001 0.4480963328125 0.5025812281250001 0.43620548125 0.484829109375 0.432229540625 0.474892909375 0.4318825609375 0.4661238046875 0.4403446578125 0.4654168875 0.460588109375 0.4842601828125 0.47646232812499995 0.4905650875 0.47778219218749995 0.5246797234375 0.4789735015625 0.5290145953125001 0.4668033375
1 0.9902929828125 0.1304588609375 0.9927503046874999 0.12167575312500001 0.9751383875 0.1147146953125 0.9555994625 0.1236500609375 0.955510896875 0.1261862265625 0.956665671875 0.1324025921875 0.9615081453125001 0.1377607359375 0.9859747249999999 0.13861512812500001 0.9902929828125 0.1304588609375
2 0.60136349375 0.15215514375 0.617630909375 0.158584778125 0.649971421875 0.15971413437499998 0.6670809109375 0.151686203125 0.6748934640625001 0.1455563921875 0.678299509375 0.1287526171875 0.6572036890625 0.1139136546875 0.6436474 0.112589721875 0.631602890625 0.11216911874999999 0.6111142875 0.1151246171875 0.5897027968749999 0.13623545937499998 0.5950146328125 0.145587428125 0.60136349375 0.15215514375
1 0.2361181578125 0.153079321875 0.239595321875 0.15320074687500002 0.255127321875 0.15069355 0.2703907375 0.14417542187500001 0.29242109374999997 0.1322526953125 0.3011881625 0.123392371875 0.30326206875 0.1178238609375 0.286319078125 0.1141826140625 0.28169383593749997 0.11402109687499999 0.2543322640625 0.11964076406249999 0.22673801562499998 0.1320296859375 0.2261720875 0.1482357203125 0.2361181578125 0.153079321875
1 0.22543613125 0.721802975 0.2353628203125 0.7136010671874999 0.2226405796875 0.7011698562500001 0.2078690265625 0.6936028828125 0.17116794062500001 0.6936057734375 0.17100026875000002 0.698407278125 0.1762068 0.7122404234374999 0.1928801765625 0.7191686796875 0.21541813906249999 0.7214531390625 0.22543613125 0.721802975
2 0 0.9095136203124999 0.0373725359375 0.9191931984374999 0.0934606734375 0.9545862062499999 0.11564255781249999 0.96523241875 0.1227824390625 0.9760584578125 0.164105165625 0.9767963765625 0.1866313546875 0.9775830093750001 0.2193099796875 0.983659946875 0.2578415625 0.98359529375 0.2888211421875 0.9866764343750001 0.290743628125 0.98674356875 0.3187476625 0.961748296875 0.30812398750000003 0.9430443875 0.31009548124999997 0.9134983875 0.31616970312500003 0.9010185125 0.3439053890625 0.8871796296875001 0.35624344375 0.8601318875 0.35714416718750003 0.8343385484375 0.3481189671875 0.82034095 0.3312202125 0.7929564796874999 0.3293635359375 0.7653922171875001 0.3093293328125 0.7470647578125 0.297545671875 0.734666321875 0.283438134375 0.7080844546875 0.2670844671875 0.6920008734375 0.22447941718750003 0.6741635921875 0.2013096921875 0.66489314375 0.1887350109375 0.6482363828125 0.19789556875 0.628107990625 0.19198945625 0.6088636625 0.17479558281250002 0.5899302875 0.17565634218749998 0.5652813734375 0.18375535625 0.5486414359375 0.1901984765625 0.5255976828125 0.18419391875 0.5091703953125 0.185845771875 0.48877975156250003 0.1736645796875 0.4608549421875 0.1357737078125 0.43725046093750003 0.133221171875 0.4371613234375 0.0992959453125 0.4376474703125 0.0821798953125 0.4433957890625 0.058469121874999995 0.449618940625 0.057608362499999996 0.47426787031249995 0.0484724703125 0.4936920234375 0.0294792578125 0.4993748171875 0.0239009375 0.5245640921875 0.0131828625 0.535471621875 0.0035018078124999996 0.5435949234375 0.00074411875 0.6042779609375 0 0.6255867328125 0 0.9095136203124999