1 0.6138665484375 0.636126184375 0.6019036421874999 0.6498388890625 0.6014823984375 0.658994034375 0.6074128421875 0.6658602984375 0.615621196875 0.6700731171875 0.6269260578125 0.6728111546875 0.6311495218750001 0.672737434375 0.6440768640625001 0.6691407859375 0.6444220953124999 0.6556308703125 0.63424301875 0.6383841625 0.6138665484375 0.636126184375
1 0.5918652375 0.6032781468749999 0.591672590625 0.5922413953125 0.5915813359375 0.58701344375 0.5852210296875 0.5720169281249999 0.5834183125 0.5685620250000001 0.58076486875 0.5662841171874999 0.5694835515625 0.5937908281250001 0.568879096875 0.5963251484375001 0.5692907765624999 0.6199102703125 0.5745237640624999 0.6205927484375 0.5779852265625001 0.620532328125 0.5919970484375 0.6108296359375001 0.5918652375 0.6032781468749999
1 0.5629615390625 0.70361968125 0.57969579375 0.703327584375 0.5803470328125 0.7016140421875 0.5829473921874999 0.68414426875 0.57702455 0.677713509375 0.5694959093749999 0.6791517296875 0.5526655140625001 0.6803167453125 0.5382270671875 0.6853604671875 0.5376918015625 0.6879834625 0.53766180625 0.688001021875 0.5377623359375 0.69376035 0.5383942953124999 0.6949409453125 0.54836809375 0.7004297921875 0.5606198265625 0.703265190625 0.5629615390625 0.70361968125
1 0.5251083859375 0.75008615 0.5246973046875001 0.7265353125 0.5231326359375 0.714776096875 0.51959744375 0.707756621875 0.5140886250000001 0.707852778125 0.51082776875 0.708599234375 0.5082351921875 0.709806590625 0.506067946875 0.7104254703125 0.5043564515625001 0.712198540625 0.503747803125 0.714711515625 0.504432915625 0.753961553125 0.50906661875 0.7574389734375 0.5234373359375 0.7571881312500001 0.5250778578124999 0.7513489015625 0.5251083859375 0.75008615
1 0.5820112875000001 0.744391953125 0.577137 0.7376688515625001 0.5689438250000001 0.7343269734375 0.5498051390625001 0.7364034859374999 0.5394328500000001 0.7413762328125 0.533967203125 0.7449249234375 0.5340535859375 0.7498738203124999 0.539668490625 0.7548760437500001 0.542448640625 0.757110828125 0.582221178125 0.7564165953125 0.5820112875000001 0.744391953125
1 0.7796288125 0.49419697500000004 0.7800709625 0.4971810078125 0.7823700203125 0.5041135953125 0.7911147374999999 0.508983215625 0.799115084375 0.5088435687499999 0.8070096984375 0.4932244203125 0.8041129265625001 0.4770053265625 0.7956922859375 0.4667093875 0.7944379171875 0.4667312828125 0.7891951875000001 0.4708740734375 0.7822985234375001 0.4750618734375 0.7793166968749999 0.47631591406249996 0.7796288125 0.49419697500000004
1 0.560465221875 0.6055701124999999 0.567948278125 0.6015190015625 0.5758677828125001 0.589183684375 0.5600623546875 0.5824898234375 0.5443405203125 0.5805862 0.5321951859375 0.5838474515625001 0.5251709640625 0.5991055859375 0.5252053703125 0.601076653125 0.5278673828125 0.602218615625 0.5405709875 0.607120753125 0.5476483546875001 0.6069972171875 0.560465221875 0.6055701124999999
1 0.6041620015625 0.2146496125 0.6043907187500001 0.209514375 0.60415089375 0.19577485156250002 0.592179490625 0.19394953125 0.5828777578125 0.1936762546875 0.5747758234375 0.195560121875 0.56496923125 0.199651790625 0.5604665984375 0.20800697031249998 0.55900055 0.209442034375 0.559079884375 0.2139871046875 0.5658617546875 0.217496196875 0.5660082390625 0.21755497968749998 0.6000203765625 0.21696129531250002 0.6041620015625 0.2146496125
1 0.7024518453125 0.21517334687499998 0.70360785 0.21515316874999998 0.7080088046874999 0.2073743640625 0.7169105015625 0.1932735703125 0.7169003625 0.192692675 0.6993692312500001 0.1616214890625 0.6878427890625 0.15760704375 0.6859819859375 0.1576395234375 0.680057790625 0.16152901718749998 0.6807931890625001 0.20366000624999997 0.6814041625 0.20551452499999998 0.7024518453125 0.21517334687499998
1 0.7434605750000001 0.10620187343750001 0.7409166125 0.09361359375 0.73494055625 0.084134490625 0.7314324609375 0.08288890156249999 0.7293187078125001 0.0826727078125 0.71376143125 0.0829442625 0.706874878125 0.0863532953125 0.70719824375 0.1048789421875 0.709188496875 0.10680009374999999 0.7171478359375 0.11177611875 0.7407078390625 0.111364878125 0.7434605750000001 0.10620187343750001
1 0.7329189656249999 0.0564217046875 0.7365417984375 0.0644867234375 0.747574709375 0.0659256140625 0.7484955765625 0.065909540625 0.7595178953125 0.05827695000000001 0.7595177265624999 0.058267254687500006 0.754041484375 0.04384418125 0.746759525 0.02595845 0.7429899921875001 0.0238117140625 0.7344971234375001 0.0239599578125 0.7328952359375001 0.030267878124999998 0.733047325 0.0389811140625 0.7329168859374999 0.056302542187500006 0.7329189656249999 0.0564217046875
1 0.6476479921875 0.044748220312499996 0.6494311296874999 0.0367921890625 0.64909830625 0.017724790625 0.645297246875 0.0099404859375 0.64352418125 0.0082289921875 0.6428977031249999 0.005626275 0.6411398562499999 0.004785753125 0.6219631359375 0.0046848828125 0.609886225 0.0118654296875 0.605673975 0.0184263578125 0.6057042765625 0.0201622734375 0.608462834375 0.0301858671875 0.616829715625 0.04632944375 0.6450825265625 0.0458362890625 0.6476479921875 0.044748220312499996
1 0.46592568593749994 0.204452659375 0.46114940937500004 0.1971306796875 0.4557694328125 0.18851239687500002 0.43768607499999995 0.1844719453125 0.4260912296875 0.185981109375 0.4196529078125 0.1943198421875 0.41990729687500006 0.20889378125000002 0.431255171875 0.21551247187499997 0.44346267343749995 0.21656854375 0.45319210937500004 0.2163987171875 0.46592568593749994 0.204452659375
1 0.4228555390625 0.240425478125 0.42281575 0.23814594375000003 0.41705275 0.23008420312500003 0.4106174453125 0.227582846875 0.40771303281250004 0.22763354374999997 0.3955677203125 0.23089479375000002 0.3858295390625 0.238905759375 0.3829681203125 0.241350578125 0.38310001875 0.2489069875 0.38669221875000004 0.25350245 0.4155517234375 0.25299870625 0.4213621734375 0.243948475 0.4228555390625 0.240425478125
1 0.3362586015625 0.234193896875 0.32875411250000003 0.22851429531249998 0.3139782734375 0.2305153828125 0.31271245468750003 0.23286172343749997 0.3110219296875 0.237899328125 0.3116717515625 0.27512753125 0.33010874375 0.27480571249999997 0.3355909359375 0.2708122890625 0.33533553125000004 0.267394634375 0.3365627828125 0.25162036875 0.3362586015625 0.234193896875
1 0.3374134140625 0.343594140625 0.3280279390625 0.332609371875 0.319283 0.332762015625 0.3198118296875 0.3334423109375 0.3185053875 0.3334651140625 0.3164262625 0.33281188125 0.30953485625 0.3329321703125 0.30591707343749996 0.33600909218749997 0.29935505625 0.3593660078125 0.30527989375 0.374370125 0.308439703125 0.37988739374999997 0.3157105953125 0.37976048125 0.3274688953125 0.3728207140625 0.3359959265625 0.36221278749999997 0.3392364109375 0.3482107890625 0.3374134140625 0.343594140625
1 0.29078660156249997 0.34268981875 0.29663343750000004 0.3394378109375 0.2987094296875 0.33359098125000003 0.2974430546875 0.3109518046875 0.29473891406249997 0.30576948437499996 0.2901813578125 0.29422785 0.28185662499999997 0.2914678609375 0.2801350234375 0.292660034375 0.269919134375 0.3004101359375 0.270355959375 0.3254358390625 0.2761660359375 0.3397950703125 0.279649865625 0.3397342609375 0.285311525 0.34278538593749996 0.29078660156249997 0.34268981875
1 0.6918727984374999 0.510715490625 0.6937015 0.5106835703125 0.7046543203125 0.5072278546875 0.7137587703125 0.5047446875 0.7134850078125 0.489060859375 0.7093223656250001 0.4751881078125 0.697726878125 0.47154485625 0.6967422375 0.47156204375 0.6863029453125 0.47907625937500004 0.680003996875 0.49255057031250005 0.6904957078125 0.51045786875 0.6918727984374999 0.510715490625
1 0.8685683328125 0.31385174375 0.8813189124999999 0.2983499625 0.88180096875 0.292678628125 0.8707060953125 0.28799356249999997 0.8399792640625 0.28852990156249997 0.8323728734375001 0.2928509546875 0.8325500015625 0.30299863125000004 0.8338157734375 0.3065845 0.8432010968749999 0.311647996875 0.8649262265625 0.3139153171875 0.8685683328125 0.31385174375
1 0.945041525 0.3375536359375 0.9481503640625 0.3358862171875 0.9431696171875 0.33018094531250003 0.9396159640624999 0.32632249999999996 0.9354889734375 0.3229096640625 0.9279147015625 0.3217350296875 0.9060160046875 0.33213630625 0.9049981390624999 0.335206421875 0.9051612703125 0.3445522171875 0.9072879578125 0.349118865625 0.9334423125000001 0.3486623390625 0.9370612109374999 0.346405125 0.945041525 0.3375536359375
1 0.8622040500000001 0.10850546875 0.8480056843750001 0.1186313171875 0.8401065203125 0.127775625 0.8392459703125 0.140864471875 0.8406537921874999 0.146650490625 0.848812990625 0.15010908437499998 0.8668775890625 0.149793765625 0.8715320875 0.1437872625 0.8777702 0.1268276671875 0.8775978312499999 0.11695266093750001 0.8622040500000001 0.10850546875
1 0.9640521984375001 0.141913784375 0.9598098703125 0.1627879734375 0.9601547453125001 0.1825458421875 0.9879283484375 0.182061053125 0.994380528125 0.1736972078125 0.99435894375 0.172460634375 0.9877707359375 0.1531209640625 0.9801546984374999 0.141051640625 0.9767013046875 0.1428550953125 0.9640521984375001 0.141913784375
1 0.211680215625 0.264659853125 0.2150818875 0.2598087453125 0.20976274374999998 0.2546742890625 0.20031658437500002 0.2461269796875 0.1940356078125 0.2452402609375 0.17766252031250002 0.2455260546875 0.17017150781249998 0.2501380546875 0.1675256703125 0.2536906109375 0.16780167343750002 0.26950281249999997 0.1690112296875 0.2729294671875 0.207147884375 0.27226378906250004 0.20774325624999998 0.27213392187499996 0.211680215625 0.264659853125
1 0.28371517812499997 0.4203729515625 0.288314896875 0.4194274625 0.288312121875 0.419268459375 0.28645996406249996 0.4111772453125 0.2735208984375 0.402255271875 0.25549835 0.40169865 0.23868315624999997 0.4037346046875 0.23006873749999998 0.409547875 0.22820945781250002 0.41768200312500003 0.22828843124999998 0.422206425 0.236272771875 0.4295919515625 0.271358240625 0.4289795328125 0.2832027171875 0.424302390625 0.28371517812499997 0.4203729515625
1 0.1471764671875 0.1639189328125 0.1507303296875 0.1624421203125 0.1610750859375 0.1527244640625 0.1610504734375 0.15131439375 0.1545882703125 0.13390286093749998 0.1482279984375 0.11890634375 0.136099134375 0.11065456250000001 0.132322365625 0.11072048593749999 0.13030244375 0.11515181562500001 0.126899796875 0.1198596921875 0.12010337499999998 0.13321594375 0.12014525312499999 0.135615103125 0.12349757187499999 0.14955310625 0.1306477359375 0.159887365625 0.1354551265625 0.1641235296875 0.1471764671875 0.1639189328125
1 0.1831750734375 0.1384453234375 0.18460315624999998 0.1453931125 0.1966552265625 0.1552415875 0.197210475 0.15523189531249998 0.20692403750000002 0.15139515625 0.21196723906249998 0.1408480515625 0.211359365625 0.13098064843749999 0.211085603125 0.11529681875 0.20969811093750002 0.1106725671875 0.2032293421875 0.10511922031250001 0.2027425671875 0.1051277171875 0.1965831078125 0.10799619375 0.18798506875 0.11453793906250001 0.182962146875 0.1262468015625 0.1831750734375 0.1384453234375
1 0.177250278125 0.1081278421875 0.17789870624999998 0.10322066562500001 0.1777109375 0.0924633171875 0.17319871250000002 0.075659246875 0.16184586875 0.0741142375 0.155739078125 0.073639759375 0.154442775 0.074243459375 0.1505343046875 0.08601870625 0.1510934765625 0.1180536296875 0.155729915625 0.12302996718749999 0.165330740625 0.12402450625000001 0.1747996859375 0.1174675828125 0.177250278125 0.1081278421875
1 0.8407761859375 0.27167882187500003 0.8449788640625 0.262889571875 0.8478852390625 0.2547040015625 0.8480267015624999 0.2378508234375 0.8396208046875 0.230443759375 0.8330379546875 0.227653365625 0.8295642828125 0.228295071875 0.8250244734375001 0.229978221875 0.8256902500000001 0.26812060312499997 0.828167628125 0.273061028125 0.83236834375 0.2754151671875 0.8369529312499999 0.2753351421875 0.8407761859375 0.27167882187500003
1 0.5495187203125 0.1140177859375 0.542611728125 0.098751409375 0.5367969421875001 0.085459925 0.517762834375 0.08244390625 0.492235925 0.0912601 0.4853224359375 0.1067689328125 0.48535679062500003 0.10873707343750001 0.5057901031250001 0.1279672859375 0.5124409156249999 0.1278511953125 0.5495475546875 0.11566969062500002 0.5495187203125 0.1140177859375
1 0.3267691890625 0.43205959062500005 0.3322910109375 0.4296458828125 0.34017170937499996 0.42070247656250004 0.3419368265625 0.4155735546875 0.3145494984375 0.40492842968750004 0.30814906875000003 0.40395252968750006 0.296151146875 0.40416195468750005 0.2796233640625 0.40871907968750004 0.2798904640625 0.42402125156250003 0.29339568125 0.432642128125 0.30451822968750003 0.4330889359375 0.31481430625 0.4329092171875 0.3267691890625 0.43205959062500005
1 0.288662878125 0.47894646406249997 0.2886526375 0.47835983437499996 0.2870924765625 0.46796567656250004 0.2731496046875 0.4657362 0.2637115875 0.4819552609375 0.26371313281250003 0.48204376406250005 0.267531071875 0.502495021875 0.2871560265625 0.5021524671875001 0.288547709375 0.498232871875 0.288662878125 0.47894646406249997
1 0.2601873078125 0.4887277890625 0.24864735468750002 0.4914020703125 0.242176428125 0.4998529140625 0.23979080625 0.5150488656250001 0.25017810156250003 0.5259954625 0.260709896875 0.535431584375 0.26201996875 0.5354087171875 0.2725363375 0.532405609375 0.273204065625 0.5175567171875 0.2683011328125 0.5021868953124999 0.2601873078125 0.4887277890625
1 0.24517863593749997 0.5013224468749999 0.24649886250000003 0.501299403125 0.2540935984375 0.49956088750000005 0.2613988640625 0.49325121093749996 0.261172321875 0.48027261406250005 0.25929748125 0.47906892812499996 0.2549981375 0.471725375 0.24695975625000002 0.4625924453125 0.23954661093750002 0.4627218421875 0.23732459687500002 0.462391090625 0.23499484062499998 0.46243175625 0.233685990625 0.4628447140625 0.23403930781249999 0.4830862546875 0.23672408125 0.486881521875 0.24517863593749997 0.5013224468749999
1 0.352857846875 0.63383836875 0.362925684375 0.6232638515625 0.3628286375 0.6177039765625 0.3539579296875 0.60534526875 0.34727195625 0.5996267375000001 0.346530396875 0.59963968125 0.33170080468749996 0.6052702734375 0.31910246249999996 0.6113035531250001 0.319173115625 0.6153512171875 0.325876371875 0.62576441875 0.3327070171875 0.62749905625 0.3518583703125 0.6338558140624999 0.352857846875 0.63383836875
1 0.3448851125 0.6683577703125 0.351909084375 0.6666799578125 0.35427602187499996 0.660613615625 0.3553746453125 0.652715509375 0.34834465937500003 0.6467700437499999 0.313481203125 0.6473785875 0.31367079375 0.658240184375 0.314714221875 0.6608406765625 0.32224375781250003 0.6671977671875 0.3272481296875 0.668665625 0.3448851125 0.6683577703125
1 0.3905378828125 0.73507774375 0.3860823109375 0.727740078125 0.368127146875 0.72619961875 0.360726984375 0.727255703125 0.3508951609375 0.7306715984375 0.342885065625 0.7322017890625 0.3353026765625 0.7336503046875 0.3356130859375 0.7514336640625 0.339209134375 0.754407434375 0.3720119296875 0.753834859375 0.3821604796875 0.750981796875 0.3905378828125 0.73507774375