1 0.5107671734375 0.309868621875 0.5055264890625 0.2956011015625 0.49022278124999996 0.29202355 0.488186684375 0.2921302578125 0.48478392968749995 0.29922565625 0.48566850156249997 0.316104290625 0.495604284375 0.3312487859375 0.5083623109375 0.3305801671875 0.5110268 0.3148225984375 0.5107671734375 0.309868621875
1 0.1432631703125 0.3636159359375 0.15514272812500002 0.36630270781249996 0.15977606875 0.366059884375 0.17860712343750001 0.359846171875 0.1796373453125 0.3421791078125 0.1544600546875 0.33973953125 0.14894233750000002 0.340028703125 0.1378104515625 0.3465727890625 0.135557528125 0.353007065625 0.13578956874999998 0.357434659375 0.1432631703125 0.3636159359375
2 1 0.5874438515625 0.997103734375 0.5847402984375 0.9867553421874999 0.5833264812500001 0.9622620953125001 0.56407056875 0.9486122218749999 0.569676290625 0.9362026562500001 0.5832096453125 0.93640761875 0.58712054375 0.9445432468750001 0.6123884515625 0.9494999234374999 0.6146211375 0.964546215625 0.6216571703125 0.97076109375 0.6224050203125 1 0.6208726734375001 1 0.5874438515625
2 0.86108969375 0.8468216156249999 0.8614126328125 0.838980115625 0.8534805390625 0.8276589390625 0.8438129140624999 0.8252313875 0.8293225859375 0.8272799921875 0.826164534375 0.8421173171874999 0.8267271062500001 0.85285183125 0.838832575 0.870274321875 0.8418375078125001 0.8701168390625 0.8560015328125001 0.861759365625 0.86108969375 0.8468216156249999
2 0.897171253125 0.792544103125 0.89880455 0.7816996828125 0.8953147953125 0.7711237843750001 0.8861234375 0.7637809078125 0.8700223484375 0.76462473125 0.8650216531250001 0.768860809375 0.86087663125 0.7879389796875 0.861536684375 0.8005335468749999 0.8677270015625 0.8048459953125 0.875747671875 0.8057539109375 0.8868204234375 0.8051736125 0.897171253125 0.792544103125
2 0.6498020703125 0.8392983968750001 0.634128378125 0.85003775 0.6351714171875 0.8699401140624999 0.6457485468749999 0.8803934265625 0.6692405578125 0.8791622625000001 0.672422628125 0.8508278031250001 0.6498020703125 0.8392983968750001
2 0.605075803125 0.80424605 0.594967671875 0.808294365625 0.588096765625 0.8320288250000001 0.6048655515625 0.851243128125 0.6072487984375 0.8511182265624999 0.6232775390625 0.8311631374999999 0.62152331875 0.8116936156250001 0.6111404734375 0.8039282140624999 0.605075803125 0.80424605
2 0.9481632546875 0.92243638125 0.9563136796875 0.9220092359375001 0.9652614734375 0.9207446031250001 0.9674589296875 0.9066857562499999 0.961661425 0.8893765171875 0.9449785437499999 0.8850518218750001 0.9425594765625 0.8851786 0.9402411125000001 0.8912329765625 0.9399057265625 0.8927099453125 0.9410615281249999 0.9147639578125 0.9481632546875 0.92243638125
2 0.7269584453125 0.2868560140625 0.71433515625 0.282290765625 0.6994053234375001 0.2830732046875 0.69000501875 0.2846824484375 0.68516990625 0.2919815796875 0.682107009375 0.30262017812500003 0.682519996875 0.3105004390625 0.7136263921875 0.308870221875 0.714415228125 0.3087958359375 0.7305562671875 0.296037853125 0.7304331890625 0.293689375 0.7269584453125 0.2868560140625
2 0.6237753265625 0.30157007812500003 0.6176299140625 0.28233068906250003 0.6050348046875 0.2800565234375 0.5953277484374999 0.28880876093749996 0.5956895390625 0.295712153125 0.6013941578125 0.308611446875 0.608481525 0.31281598593750004 0.614101196875 0.312521471875 0.6237753265625 0.30157007812500003
2 0.6535016359375 0.22753043437499998 0.6537132828125001 0.22751934375 0.6814518203125 0.2208291890625 0.6898603015625 0.211720259375 0.6898599 0.21171259375 0.6751454640625 0.1997971765625 0.6680100343750001 0.2001711296875 0.6560870859375 0.2017441984375 0.6430491484374999 0.2141660171875 0.6430496375 0.214175346875 0.6535016359375 0.22753043437499998