1 0.1500224609375 0.610256175 0.146312275 0.6064713359375 0.1403697046875 0.6062638171875 0.1359289578125 0.60976401875 0.12030501406250001 0.626158921875 0.11873083749999999 0.644299309375 0.12879704218750002 0.6552432984375 0.13217845625 0.6553613796875 0.1420668234375 0.64950618125 0.1467325546875 0.63712059375 0.151588303125 0.627493340625 0.15203172812500002 0.6147953109375 0.1500224609375 0.610256175
1 0.2287152609375 0.52312294375 0.2308985828125 0.53753373125 0.24294879374999998 0.54776235625 0.24652660937499998 0.547887296875 0.261128096875 0.5473733171874999 0.267427453125 0.533836309375 0.267975940625 0.5181296843750001 0.265598375 0.5058855859375 0.23325429999999997 0.50475610625 0.22889980312499997 0.5178383828124999 0.2287152609375 0.52312294375
1 0.4056666015625 0.48107128125000004 0.400187790625 0.48227463437500007 0.38702221875 0.495618203125 0.389897890625 0.5096148171875 0.39900608125 0.516114371875 0.413121465625 0.51597985 0.41519759375 0.5104055328125 0.4186091890625 0.502614075 0.41924500625 0.4844066640625 0.41506014531249996 0.4813993109375 0.4056666015625 0.48107128125000004
1 0.12857124375 0.5233491531250001 0.1189456734375 0.538109784375 0.11840202343749999 0.553677884375 0.12218665625 0.561729471875 0.1440103796875 0.5624915734375 0.16045435 0.555702378125 0.1667398484375 0.54618476875 0.166538934375 0.5364406500000001 0.16576916875 0.5274881078125 0.1567357109375 0.5227098234375 0.14609480156250002 0.5174696640625001 0.12857124375 0.5233491531250001
2 0.611628946875 0.29045174218750003 0.6305890749999999 0.3039143546875 0.6518214953125 0.3028902171875 0.6703290375 0.2955913578125 0.712298134375 0.2908774234375 0.718656184375 0.28264770625 0.7187669718749999 0.2794751890625 0.6504580718749999 0.2722997015625 0.6215911125 0.2712916453125 0.611628946875 0.29045174218750003
2 0.6697255890625 0.4103993984375 0.6600978703125 0.4206615125 0.6433945343749999 0.4249256640625 0.6427110421875 0.4444982890625 0.6529908 0.4598626421875 0.6812258156250001 0.45908486875000004 0.6812388406250001 0.45871185625 0.6774412562500001 0.40926233593749994 0.6733552265625 0.4091196484375 0.6697255890625 0.4103993984375
2 0.5283077453125 0.3149851515625 0.512506596875 0.3122263796875 0.49861013906249996 0.3045199140625 0.49762867968749996 0.304485640625 0.48306513593749995 0.3133797875 0.48306133281249997 0.3134886828125 0.4879181359375 0.32505102343750003 0.5006632468750001 0.346523490625 0.515250515625 0.350441128125 0.5170470609375 0.3505038640625 0.5302166671874999 0.34462538125000003 0.537055028125 0.33427065312500004 0.5465637203125 0.33064643125000004 0.5465665296875 0.330565971875 0.541618015625 0.3216295171875 0.5283077453125 0.3149851515625
1 0.289359821875 0.353489615625 0.289305559375 0.35504351875 0.2898144359375 0.3650996984375 0.2965384078125 0.36892824218750003 0.30572530000000003 0.379376884375 0.31712925 0.379966853125 0.3232279765625 0.3686037828125 0.3238336984375 0.3512582125 0.3173097046875 0.34221046718750003 0.3085711203125 0.3400968203125 0.30038048125 0.33981079687500004 0.289359821875 0.353489615625
1 0.59170093125 0.3848087765625 0.5907370656250001 0.39604138906249997 0.6076822749999999 0.4052628453125 0.6106515421875 0.405366534375 0.636294921875 0.40259475 0.63677274375 0.3889117125 0.6266032640625 0.376882165625 0.6146805843750001 0.3758016359375 0.6081724859375 0.37557436875 0.59170093125 0.3848087765625
2 0.6698369 0.3402048796875 0.6639759296875 0.3578149484375 0.6634200296875 0.3737338546875 0.6702008187499999 0.3953292859375 0.672140915625 0.395397034375 0.6900161812500001 0.3819676609375 0.690216096875 0.3807225875 0.6911386375 0.3543044421875 0.687925265625 0.34204887500000003 0.67565720625 0.3404081296875 0.6698369 0.3402048796875
2 0.5789901203125 0.3505407375 0.588714828125 0.3606574984375 0.6080022375 0.3598374765625 0.6313214781250001 0.35766473125 0.6305454 0.33964601562499996 0.6188892046875 0.33333393437500003 0.600351840625 0.33169092031249997 0.5823563078125 0.33355173437499996 0.5792000828125 0.3445281875 0.5789901203125 0.3505407375
2 0.4453751421875 0.3159414828125 0.44481568437499996 0.30975406250000004 0.43193737031249996 0.30101524999999996 0.42184697031249996 0.29871237968750003 0.369243496875 0.2968754265625 0.36761053593750004 0.3087063109375 0.3675113890625 0.3115455296875 0.368911228125 0.3278261 0.3788741515625 0.334805321875 0.38478816718750003 0.3350118453125 0.395190459375 0.3303378453125 0.409429771875 0.32445888125 0.4247098359375 0.32531125312500003 0.4413420140625 0.32397922968750004 0.4453751421875 0.3159414828125
2 0.3441537234375 0.306625834375 0.33746584999999996 0.30045608281249997 0.286623125 0.29868061562500003 0.2713511421875 0.304865671875 0.2537086703125 0.3159238765625 0.263777796875 0.328896340625 0.2788231875 0.3319458921875 0.2827605984375 0.3276661140625 0.29305864375 0.322030825 0.3127171109375 0.32555700625 0.3286658015625 0.32757166249999997 0.3436900890625 0.3199025734375 0.3441537234375 0.306625834375
2 0.8521442140625 0.255831571875 0.8636001156249999 0.2509671859375 0.8636298734375 0.250115003125 0.8552200531249999 0.2446635421875 0.8381133859375 0.23460286562500002 0.8263497109375001 0.23310185312499998 0.818826740625 0.2328391453125 0.8074618515624999 0.2355459609375 0.80357858125 0.2460111203125 0.8044211265625 0.24570847968749998 0.8169393203125 0.2564143 0.8251218546875 0.26052565 0.8378717828125 0.2645951375 0.84841725 0.268268421875 0.8503275218749999 0.2683351296875 0.8518141515625001 0.26528334375 0.8521442140625 0.255831571875
2 0.8073516140624999 0.330935928125 0.79665158125 0.3305622734375 0.764414121875 0.335433134375 0.7621559421875 0.3569575671875 0.763248271875 0.379603809375 0.78363985625 0.3888567390625 0.8082656234375 0.39507740625 0.809111978125 0.3951069625 0.8219404734375001 0.3706005328125 0.8427604375 0.3552518546875 0.8427807203125001 0.35467101875 0.8073516140624999 0.330935928125
2 0.7125555609374999 0.3046725890625 0.7151022890625 0.2856702484375 0.7253909296875001 0.2714598828125 0.7370522625 0.27186710625 0.7507614984375001 0.2567713609375 0.7547521703125 0.228776196875 0.7305381125 0.210346546875 0.731991359375 0.19030121718749998 0.7389388234375 0.1639165078125 0.740140196875 0.13393250625 0.7386035453125 0.133103640625 0.7338846734375 0.132938853125 0.7139724328125 0.1454605859375 0.70739291875 0.16130769843749998 0.6986078250000001 0.19717386718750002 0.6908905062499999 0.2240340859375 0.6809593625 0.260362646875 0.6737934375 0.28221810937499997 0.691534275 0.2918808703125 0.6922996921875 0.312917446875 0.6925069125000001 0.31292468281249997 0.7125555609374999 0.3046725890625
2 1 0.1867133640625 0.9985367093749999 0.18627673125 0.9813838796875001 0.1883141453125 0.9542346531250001 0.188872603125 0.9256457421875 0.1874976328125 0.9103818546875001 0.1929906953125 0.8838789281249999 0.1894287859375 0.8525971578125 0.19323258906250002 0.83543051875 0.20698193125 0.8353853906250001 0.208274203125 0.8400341015624999 0.2207084421875 0.9647275765625001 0.2329244015625 0.97218346875 0.23318476562499998 1 0.22671008593750003 1 0.1867133640625
2 0.609248778125 0.22989993125 0.5923843203125 0.22373849687499997 0.5884457390625 0.22323061093750002 0.5621182703125001 0.2223112359375 0.5573827953125 0.22301863125 0.547698121875 0.2307189 0.5425356875 0.24912747031250002 0.550145628125 0.2684845109375 0.5735231375 0.279384653125 0.5796877046875 0.2795999234375 0.5964930984375 0.278643821875 0.610915825 0.278700003125 0.6115024578125 0.261901040625 0.609248778125 0.22989993125
2 0.3262154484375 0.221890590625 0.3240154796875 0.22181376562500002 0.30694405625 0.228406446875 0.301501259375 0.254843690625 0.30319758281250003 0.2709798 0.3109849203125 0.27959733125 0.319090025 0.2798803671875 0.3236242125 0.279229146875 0.3264594953125 0.2627488890625 0.328785778125 0.2542205890625 0.32939392343749996 0.23680558281250003 0.3262154484375 0.221890590625
2 0.3684050109375 0.21085626249999997 0.3657303890625 0.21076286249999998 0.3526174125 0.220437578125 0.354243615625 0.238580834375 0.3581443703125 0.256301128125 0.367709546875 0.2595134109375 0.37077143281249997 0.259620334375 0.3824997671875 0.2491132109375 0.39186523125 0.2387181953125 0.3920085625 0.2346137078125 0.383122403125 0.2204980265625 0.3684050109375 0.21085626249999997
2 0.4889354453125 0.29866796875 0.4920180671875 0.258487396875 0.4991800859375 0.2100793375 0.4999913625 0.186847428125 0.49933581406250005 0.17835859375000002 0.48984415937500003 0.17601070000000002 0.48487310156249996 0.1758371078125 0.4786802375 0.198235765625 0.4623646640625 0.2016852078125 0.4454626234375 0.21114301875 0.44232945 0.2361537125 0.4512770078125 0.27113192656249996 0.46179232031249995 0.2720015265625 0.4709513046875 0.27935502031250004 0.47639179687500005 0.296124275 0.4831912 0.298467375 0.4889354453125 0.29866796875
2 0.46937936249999995 0.27379355625 0.46872065 0.2738805015625 0.4727302703125 0.290591525 0.4887207703125 0.3012647109375 0.5086548734375 0.2976566671875 0.5150213703125 0.2937013140625 0.5152782671875 0.2863447796875 0.5080313624999999 0.27932697812499996 0.501105484375 0.275441815625 0.49972236406250004 0.2748531578125 0.46937936249999995 0.27379355625
2 0.4795567171875 0.357186275 0.46266436093749996 0.362564984375 0.462552515625 0.36576783125 0.469979759375 0.38064879375 0.48779766406249997 0.38127100937499997 0.495229665625 0.3679760015625 0.49581110468749995 0.351325740625 0.49306680937499997 0.35122990781249996 0.4795567171875 0.357186275
2 0.5428445015625 0.372364765625 0.5475822109374999 0.394596503125 0.5544165796875 0.3753649296875 0.5579376984375 0.363109653125 0.558355340625 0.3511499375 0.5560235828125 0.3393573359375 0.5408505406249999 0.33882748125 0.5310796078125 0.3568587859375 0.5428445015625 0.372364765625
2 0.9490011 0.223059584375 0.9491012921875001 0.22019045625000003 0.940779065625 0.2198998375 0.9369846578125 0.22023807187500002 0.9230838109375 0.2376981078125 0.9228664078125 0.24392368593749997 0.9288360375 0.27466651249999996 0.9290907859375 0.2746754078125 0.944366146875 0.26884235625 0.9435907796875 0.2545249953125 0.94394125 0.237184759375 0.9490011 0.223059584375
2 0.133643965625 0.2962156046875 0.12838467343749999 0.2715364265625 0.1321708125 0.24773624062500002 0.1400161234375 0.2285827328125 0.1503065390625 0.2164840796875 0.15075579687500001 0.2036190296875 0.1494261796875 0.1948428703125 0.13850177187499998 0.1825029828125 0.13695011562499998 0.1824487984375 0.1267955984375 0.1901107828125 0.11867593437499999 0.20503134374999998 0.12146436875 0.22793489218750002 0.1213799296875 0.24848564843749998 0.11062247812499999 0.2664112375 0.1084587140625 0.29815169375 0.11451803437500001 0.3059653421875 0.1219171921875 0.30636854375 0.12607283281249998 0.3065136625 0.133643965625 0.2962156046875
2 0.141689821875 0.2879700375 0.13043719843749998 0.2869726734375 0.1101574890625 0.286264490625 0.0919919390625 0.28834285 0.08075869687500001 0.3013032046875 0.085872721875 0.3083958 0.10920821875 0.31881175 0.129623178125 0.3247954234375 0.1527857765625 0.3326319734375 0.17474302656250001 0.3226001734375 0.1749218109375 0.31748048125 0.1722080859375 0.299928675 0.141689821875 0.2879700375
2 0.098241584375 0.4258413734375 0.16183639375 0.4158939265625 0.17678676875 0.4365565203125 0.23851424375 0.431998565625 0.296250578125 0.4088391359375 0.387126646875 0.43509025625 0.5022135343749999 0.436612671875 0.502240834375 0.435830915625 0.43304472031249996 0.3775310328125 0.3838295859375 0.3443428703125 0.238701275 0.332980971875 0.1116758984375 0.34920710625 0.04889165625 0.31070373125 0.033023184375 0.3101495921875 0.0062189031249999995 0.3131863640625 0.0059874515625 0.3198142921875 0.0052932 0.45822015625 0.040725839062500005 0.45404361875 0.0713349671875 0.4269997421875 0.098241584375 0.4258413734375
2 0 0.6056614921875 0.0051497109375 0.605841325 0.02738393125 0.6025276500000001 0.027418435937500003 0.6015395828125001 0.0138227765625 0.5804596921875 0.0071245984375 0.578159009375 0.00032426875 0.5779215359375 0 0.579029265625 0 0.6056614921875
2 0 0.5439979640625 0.0029817984374999997 0.5569777124999999 0.026205001562500004 0.5779933296875 0.056297590625000005 0.573805940625 0.06099028125 0.55376516875 0.06694355625000001 0.540503309375 0.0871731796875 0.5471962968749999 0.10364465 0.551291303125 0.10707760625 0.5141989406249999 0.10720929531250001 0.5104278625 0.09803930937500001 0.5078515578125 0.07053565625 0.5068911078125 0.0651009765625 0.5075129046875 0.0499914546875 0.5061736890625 0.0368077328125 0.5057133031250001 0.0309029484375 0.5149243453125 0.0185735859375 0.5249702843749999 0 0.535245578125 0 0.5439979640625
2 0.2022454765625 0.4567696828125 0.189908259375 0.47035318281249994 0.18962550625000002 0.47845018906250003 0.1938853203125 0.4923093984375 0.21102236875 0.515866725 0.2243385515625 0.534471096875 0.22480256562499998 0.5344873 0.23673153125000002 0.5174241015625001 0.23680125 0.5154276046875 0.2295264875 0.48956116875 0.22006316875 0.47126289374999997 0.2077793515625 0.4569629296875 0.2022454765625 0.4567696828125
2 0.5004496078125 0.4218430796875 0.48379259062499996 0.4212614046875 0.4760043171875 0.45581847499999995 0.477740590625 0.49181472656249997 0.45611584687500006 0.5115074125 0.4561148984375 0.51153455625 0.4779471984375 0.52875583125 0.506775784375 0.5068036390625 0.5228355 0.472876728125 0.522962990625 0.46922584218749996 0.5098558718749999 0.44003098593749995 0.5004496078125 0.4218430796875
2 0.622323575 0.5142323734375001 0.6567090109375 0.5343544421875001 0.6579023546875 0.50018150625 0.6355820343749999 0.4765924859375 0.6302126234375 0.47640498124999997 0.6143430375000001 0.486968096875 0.6143369140625 0.48714347187499996 0.622323575 0.5142323734375001
2 0.7038401265625 0.42485737968750004 0.689098490625 0.45749802968750003 0.6890526203125 0.4588116015625 0.7044231812499999 0.480219225 0.759007434375 0.47501630468749995 0.7968280328125 0.47820782968750003 0.8294914109375 0.4718652609375 0.8382630859375 0.43926774375 0.8383271515624999 0.43743314531250005 0.814151571875 0.414036365625 0.8079857984375 0.41382105156250004 0.769755203125 0.4245058484375 0.7038401265625 0.42485737968750004
2 0.8797817968749999 0.4266844234375 0.909271475 0.42546924375 0.92502766875 0.4316318609375 0.918959534375 0.46247524531249995 0.898001703125 0.49092787187500003 0.8875384484375 0.5189986390625 0.92168685625 0.527300171875 0.9601912531250001 0.5394954203125 0.989036303125 0.5281554203125001 0.9950847453125 0.5151677453125 0.9969903890625 0.46059723437500005 0.96021224375 0.43884711718749997 0.946442246875 0.3900995875 0.9763469359375 0.3627077609375 0.9505007437499999 0.34534211875 0.9145592812500001 0.35980177812499997 0.8896134734375 0.3881150828125 0.8613678671875 0.3955758078125 0.8565514468750001 0.4079249 0.8563662859375001 0.41322720625000003 0.8797817968749999 0.4266844234375
2 0.5497766328125 0.43609192343750003 0.576272315625 0.45554750000000005 0.5955581343749999 0.466269015625 0.6154842921875 0.47268052968749996 0.6296940109375 0.45730584375000005 0.6300673328124999 0.44661530781250003 0.622976953125 0.42966637656250006 0.5986237671875 0.411200325 0.5938438625 0.4110334078125 0.5497766328125 0.43609192343750003
2 0.3927785625 0.3993216953125 0.3896116921875 0.39921110625 0.363984209375 0.43390143124999997 0.3508936640625 0.486898409375 0.36729334062499996 0.5350583796875 0.33939025312500004 0.5784118140625 0.3220584609375 0.6259514609375 0.321980390625 0.62818709375 0.33518544375000003 0.654746365625 0.37827557343749996 0.6403945734375001 0.415440315625 0.663114365625 0.4157262734375 0.6631243515625 0.4753517078125 0.6238062828125 0.475695871875 0.61395073125 0.468963803125 0.5483869890624999 0.4473087875 0.4967840984375 0.411805215625 0.449912715625 0.3927785625 0.3993216953125
2 0.0703274875 0.6462193046875 0.079471071875 0.668841 0.0991699375 0.6830752984374999 0.124903353125 0.6969891015624999 0.1476000421875 0.7065470140625 0.16080869375 0.7145927421875 0.1624787671875 0.7146510625 0.1815635625 0.7079986593750001 0.1846058625 0.69190234375 0.1562915171875 0.6707267734375 0.11348649375 0.6485139671875 0.0823429296875 0.6373330140625 0.0703274875 0.6462193046875
2 0.9585973828125001 0.5737215671875 0.962676740625 0.582650328125 0.9958576390625 0.5825778046875 0.9964905312499999 0.5644541703125 0.9941946187499999 0.560320815625 0.9812514796875 0.552765078125 0.9682439015625001 0.5523108421875 0.9559719890625 0.5545929140625 0.9585973828125001 0.5737215671875
2 0.025239632812500003 0.6639323328125 0.029042995312499997 0.6920538921875 0.040648979687499996 0.7040862640625 0.05157745312499999 0.6928408125 0.0580086921875 0.6657490625 0.058058475 0.664323440625 0.0463832421875 0.6554217484375 0.0366734421875 0.6526731406249999 0.031310946875 0.652485878125 0.025289256249999996 0.66251130625 0.025239632812500003 0.6639323328125
2 0.73514053125 0.3153617109375 0.710698640625 0.3141258125 0.6798201921875 0.307311428125 0.6650315203125 0.30407766718749996 0.6612028984375 0.3039439671875 0.6638721703125 0.321061165625 0.6878278812499999 0.3263289171875 0.7147771765625001 0.32879960625 0.7546929546875 0.3397536359375 0.7769407109375 0.34707193125 0.78111843125 0.3472178203125 0.79475861875 0.3419301 0.7948574171875 0.339100878125 0.7606147265625001 0.3162512890625 0.73514053125 0.3153617109375