1 0.3548204171875 0.6014920453125 0.3440057109375 0.6107994640625 0.3438324203125 0.6157618593749999 0.35762950937500004 0.6357390296875 0.3590819640625 0.6357897515625 0.38586516875 0.6343946015624999 0.38712179375 0.598409571875 0.369285353125 0.5939328453125 0.3685319546875 0.5939065375 0.3548204171875 0.6014920453125
1 0.5883231515625 0.5674981609375 0.58871309375 0.5563317046875 0.5827418109375 0.546306903125 0.5636974953125 0.54461895625 0.5402078796875001 0.553005 0.534949746875 0.564809559375 0.5347373531249999 0.5708917484375 0.54681164375 0.57880868125 0.5594160328125 0.5816295499999999 0.56092853125 0.58168236875 0.5837692156250001 0.5754961078124999 0.5883231515625 0.5674981609375
1 0.2251472828125 0.7594712640625 0.22097305312499999 0.77628946875 0.2206330125 0.7860269671875 0.2370396859375 0.8045297734375 0.2490643125 0.7884440125000001 0.24917889999999998 0.7877779625 0.2500334875 0.7633057875 0.24598009843750002 0.7569163390625 0.23283970312500002 0.7564574671875001 0.2251472828125 0.7594712640625
1 0.7879933218749999 0.494842796875 0.78394748125 0.520857425 0.7921804156250001 0.5546245421875 0.8239595359375 0.535467871875 0.8242078953125 0.528355825 0.805556275 0.48603996718750003 0.7842052734375 0.46855460468750004 0.782972028125 0.46766838593750004 0.7791755234375 0.467535809375 0.7879933218749999 0.494842796875
1 0.2667325203125 0.7775936640625 0.266670409375 0.7793723046875 0.2682710484375 0.8016319578125 0.27939078125 0.8190231796875 0.28500866875 0.8226244625 0.3042228890625 0.8232954375 0.30489595468749997 0.8040213921875001 0.3042269203125 0.794046053125 0.2993130953125 0.7741510828125 0.287347440625 0.7708685390625 0.274053346875 0.7704042984374999 0.2667325203125 0.7775936640625
1 0.3982732265625 0.742198946875 0.3923282921875 0.737230525 0.383181175 0.7377082578125 0.3723363078125 0.754895540625 0.37378028125 0.7719488796875 0.3905017546875 0.7895357203125 0.4034813125 0.7974702484375 0.4154671296875 0.77167655 0.41548518906250004 0.7711593875 0.3982732265625 0.742198946875
1 0.154340853125 0.77252775 0.172459290625 0.78744343125 0.1725768203125 0.7874475359375 0.1861168828125 0.7750974578125 0.1875921671875 0.7605344859375001 0.1877953171875 0.7547170453125001 0.18066716875 0.742723434375 0.1783842046875 0.7420482203125001 0.158290528125 0.7413465328125 0.155400246875 0.7421906515625001 0.154340853125 0.77252775
1 0.8517664093749999 0.7507998625 0.8284024562500001 0.74451155 0.820573390625 0.7613029515624999 0.8205036187499999 0.7633009281249999 0.8389318687499999 0.7806605015625 0.8655436359375 0.7773405046875 0.8659037140624999 0.7670291921875 0.862806803125 0.756236875 0.8517664093749999 0.7507998625
1 0.715286921875 0.468673628125 0.7151890234375 0.4714770546875 0.7213212140625 0.49176569062500003 0.7252220140625 0.49865359218750005 0.7376094359375001 0.499699996875 0.749076871875 0.48602729843750003 0.7491616734375001 0.483598890625 0.7427418828125 0.45814147656250004 0.7370432984375 0.447303090625 0.729862490625 0.44705233125 0.7162785031250001 0.45169323281249996 0.715286921875 0.468673628125
1 0.09958071874999999 0.44544462031250004 0.089257259375 0.44187987968750003 0.050737393750000005 0.4405347359375 0.07069368125 0.470188009375 0.099452546875 0.46392354375 0.0999574921875 0.4494638078125 0.09958071874999999 0.44544462031250004
1 0.5033998484375 0.8055838484375 0.5034028328125 0.8054983703125 0.4914290390625 0.7646245406250001 0.4744955625 0.750825203125 0.47203111093750005 0.75073914375 0.4573770328125 0.7888798515625 0.47001052187500003 0.8317283984375001 0.5033998484375 0.8055838484375