1 0.5868085328125 0.6473401328125 0.5871319328125 0.6541653281250001 0.6131585953124999 0.6582791046875001 0.616418509375 0.658507059375 0.6321076625 0.6402219953125 0.6324540328125 0.6352686703125 0.6226714624999999 0.62488179375 0.6120812250000001 0.617479565625 0.60239195 0.6168020249999999 0.5903080265625 0.6185195593749999 0.5881342734375 0.6283811578125 0.5868085328125 0.6473401328125
1 0.5496651781249999 0.422249190625 0.5379059453124999 0.42830617968749995 0.53725895625 0.43755854375 0.5404003703125 0.4472212328125 0.5592936703125 0.4562924953125 0.5823196234375 0.4579026265625 0.5925576718750001 0.44420727656250003 0.5860740328125 0.4294067359375 0.5658789984375 0.4215919890625 0.55929954375 0.42113190781250004 0.5496651781249999 0.422249190625
1 0.7474239171875 0.7695634499999999 0.7469316125 0.776603721875 0.7585173640625 0.7859120171875 0.771846359375 0.7886872875 0.7809377828125 0.7893230203125 0.79472108125 0.7812394625 0.7883071546875 0.7630206890625 0.7806670734375001 0.7608387359375001 0.7597538687500001 0.7593763421874999 0.7474239171875 0.7695634499999999
1 0.505560884375 0.21258783750000002 0.49306447656249996 0.24079293750000003 0.49305725625 0.24089618124999998 0.4943937515625 0.2409896390625 0.49904572343750003 0.2383360625 0.5221074796875 0.22317827656250003 0.5475232453125 0.17877561250000001 0.5476135390625 0.17748435468749998 0.5159739359375 0.15357125625 0.5042564765625001 0.1862928171875 0.505560884375 0.21258783750000002
1 0.7655779593750001 0.7345150406250001 0.784850309375 0.7414815390625 0.8082414421875 0.7455374531250001 0.8138423921875001 0.745929109375 0.8152810171875 0.7253558234375 0.8122866921874999 0.7193922749999999 0.79615306875 0.7065155796875 0.7871031078125 0.7049014296875 0.7708416031249999 0.7037643140625 0.764170775 0.7092670531249999 0.7633517078125001 0.7209802578125 0.7655779593750001 0.7345150406250001
1 0.761526971875 0.5934708890625 0.7372265328125 0.6018018578125 0.737083965625 0.603840665625 0.742804496875 0.6158675671875 0.7585471265625 0.6343357640625 0.7753561062500001 0.6375543890625 0.793371059375 0.628669934375 0.7941055828125 0.618165753125 0.7906942953125 0.613086709375 0.7646980171875 0.5936926312499999 0.761526971875 0.5934708890625
1 0.7370586015625 0.8505963015625 0.7467294171875001 0.8614767015625 0.748657953125 0.8616115593749999 0.7671662109375 0.8493787140625001 0.769283709375 0.8190970656250001 0.7579020375 0.8144335921874999 0.7440995140625 0.8169858187499999 0.73892374375 0.8239235218750001 0.7370586015625 0.8505963015625
1 0.7497881671875 0.17576921875 0.7776812109375 0.1822659296875 0.798477553125 0.166429340625 0.792007428125 0.1476360671875 0.7909939609375 0.1475651984375 0.7680382640625 0.15122729375 0.756490028125 0.15548048750000001 0.7501018828125 0.17128288593750002 0.7497881671875 0.17576921875
1 0.4957571734375 0.25843026875 0.48014373125 0.2526999859375 0.465079696875 0.25164660625 0.4542010921875 0.258980703125 0.4537672453125 0.265185003125 0.4536356640625 0.27161949218750003 0.4600780890625 0.27621890625 0.47896889531250003 0.284166584375 0.4920500296875 0.28508130625 0.49940391718750005 0.285422703125 0.506709203125 0.2696577859375 0.50697068125 0.265918478125 0.4957571734375 0.25843026875
1 0.4352189796875 0.9395616890625 0.4646841515625 0.94097024375 0.4648038609375 0.9392583109375 0.44845621874999997 0.913035621875 0.427821771875 0.9115927203125 0.4178371671875 0.9134051828124999 0.41651158906249997 0.9323618421875001 0.4352189796875 0.9395616890625
1 0.7827797015625 0.5030365890625 0.7665722500000001 0.5425000921875001 0.7962554203125001 0.571226628125 0.7973587984375 0.571303784375 0.814109796875 0.5307184296874999 0.8040082953125 0.493064653125 0.7986091734375 0.492687109375 0.7827797015625 0.5030365890625