1 0.7600828578125001 0.17917281093749998 0.7602936 0.1821865640625 0.7728351124999999 0.1927194640625 0.7851911312500001 0.1918554484375 0.8006039046875 0.184569034375 0.798906703125 0.160297934375 0.7782119546875 0.1571391921875 0.7600828578125001 0.17917281093749998
1 0.720328021875 0.029597940625000003 0.7016243 0.037319351562500006 0.7016771859375 0.038075653125 0.704615046875 0.053546962499999996 0.7193543734375 0.0633223875 0.7299194328125 0.06258360625 0.744435084375 0.0532981234375 0.7440757484375 0.0481593859375 0.7357939078125 0.0357641234375 0.720328021875 0.029597940625000003
1 0.8171373875000001 0.7331192015625 0.803712084375 0.7340579890625001 0.7906856828125 0.7591576765625 0.78780826875 0.7714650140625 0.7883794171875 0.7796328015625 0.7970403359375 0.7877930625 0.8124077484375001 0.78671846875 0.8127378609375 0.786610965625 0.822223915625 0.7625418500000001 0.82034850625 0.7357222484375 0.8171373875000001 0.7331192015625
2 0.733035434375 0.46329618124999994 0.723241115625 0.4762001515625 0.7272035515625 0.48916031406249993 0.7330720765625001 0.4962325359375 0.7554246765625 0.49466949062500004 0.756475521875 0.4942766609375 0.7544779734375 0.46571039687500004 0.7496209859375 0.46009993125 0.733035434375 0.46329618124999994
2 0.68242765625 0.697397528125 0.66384541875 0.7062807656250001 0.663881184375 0.70679223125 0.668459525 0.7184685359375 0.707026025 0.7157717031249999 0.7091889484375 0.7140213515625 0.7080733968749999 0.6980682125000001 0.6975739625 0.695574328125 0.68242765625 0.697397528125
2 0.566103015625 0.48350496718749997 0.5664055218749999 0.498757609375 0.5674683734375 0.5139570828125 0.5736409671875 0.5257444625 0.574704171875 0.526102484375 0.59534188125 0.52465935625 0.595663096875 0.5240847343749999 0.5933670296875 0.4912494515625 0.583519740625 0.48126875625 0.566103015625 0.48350496718749997
2 0.579872528125 0.3261260375 0.564513671875 0.3272000328125 0.5585662140625 0.3295262203125 0.5505499859375 0.33764996875 0.5473636796875 0.34406243124999997 0.5480016890625 0.35318639687500003 0.55455996875 0.3596042109375 0.5558195328125 0.359827271875 0.5743451203125 0.3585318375 0.58175956875 0.35541009375 0.584777028125 0.3460073515625 0.583950759375 0.33419116249999997 0.579872528125 0.3261260375
2 0.5850796234375 0.42483890312500006 0.5764657390625 0.42649387499999997 0.5623302234375 0.4294714578125 0.560835334375 0.43721646875 0.5643537640625 0.4438468484375 0.57272594375 0.44708164687499996 0.5839699015625001 0.44713878906250004 0.5947370203125 0.44638587812499997 0.604010421875 0.44186285312500007 0.6032233765624999 0.43060758281249994 0.5926227 0.42431144062500004 0.5850796234375 0.42483890312500006
2 0.62106085 0.6637274265625 0.6101190859375001 0.66199434375 0.6062341171875001 0.6622660078125 0.5918878515625 0.6688236046875 0.5919910859375 0.684861378125 0.5975892515625 0.6921103937499999 0.61244076875 0.7035899640625 0.6205050671875 0.703026053125 0.6256926203125001 0.700841896875 0.62942255625 0.6932765375 0.6279698765624999 0.6725022468749999 0.62106085 0.6637274265625
2 0.5041915859375 0.18701957656249998 0.49139395312499995 0.178745925 0.4793407390625 0.1811168421875 0.470058434375 0.19399070624999998 0.4739489625 0.2059434203125 0.48634827812500003 0.21588520625 0.4998925234375 0.2149381 0.5019963046875 0.21454109062499999 0.507668653125 0.206478453125 0.5066291765625001 0.1916132609375 0.5041915859375 0.18701957656249998
2 0.3898529 0.3440860390625 0.39146100625 0.36708304687500004 0.400724934375 0.37949014999999997 0.4177165484375 0.37117416406250003 0.4199762015625 0.36357732343750004 0.4186263484375 0.34427352187500004 0.41165819218750005 0.3360293609375 0.40031339218750006 0.34082528125 0.390499934375 0.34252974062499997 0.3898529 0.3440860390625
2 0.45465446875 0.40590244374999995 0.44942847500000005 0.403975728125 0.4244150203125 0.4103091015625 0.42333010781249997 0.41754834531249996 0.4239797078125 0.4268380625 0.42689666718749997 0.43149505625 0.4466495703125 0.4301137984375 0.45798524531249996 0.4219443734375 0.46280125781250003 0.4160202953125 0.462316509375 0.40908806249999996 0.45465446875 0.40590244374999995
2 0.409490840625 0.5478205984375 0.4154653328125 0.5497680734375 0.4329106234375 0.5485481796875 0.43168961250000004 0.5310868984375 0.42021027499999997 0.5204442078125 0.4084701328125 0.5273746609375001 0.4045458609375 0.536813365625 0.409490840625 0.5478205984375
2 0.490758434375 0.6459197718749999 0.48085071875 0.640741125 0.4803720546875 0.6407745953124999 0.4741920125 0.6603154531250001 0.47152407500000004 0.676794125 0.476413121875 0.6833419484375 0.47711895000000004 0.6832925921874999 0.490639309375 0.6763528671875 0.4930524 0.6694369375 0.49159750156250004 0.6486309328125001 0.490758434375 0.6459197718749999
2 0.4345415640625 0.7367693859375 0.4313808703125 0.7364052562500001 0.4146702578125 0.7375737765625 0.413962521875 0.737816425 0.4029852328125 0.7487069796875 0.40396787187500005 0.7627593593750001 0.41068125312500003 0.7725194046875 0.4302055578125 0.7711541328125 0.438827296875 0.765607065625 0.4398303765625 0.7595020390625 0.43859048281249996 0.7417707265625 0.4345415640625 0.7367693859375
2 0.46008478437500006 0.6743922546875 0.441907721875 0.6766815546875 0.43396922812499994 0.6833461703125 0.4335822703125 0.6996652625 0.44072776874999997 0.7144393984375 0.44371735156250003 0.7244128765625 0.44583368281249997 0.7246381578125 0.4588741953125 0.7237262765625 0.4663146828125 0.7197780046875 0.46938885468749997 0.7118215140624999 0.46758059999999996 0.685962259375 0.46008478437500006 0.6743922546875
2 0.5255441265624999 0.419360671875 0.516484209375 0.4153153234375 0.5047333515625 0.41613702343750003 0.50093013125 0.417008821875 0.494870996875 0.42350914531250006 0.4952476984375 0.428896225 0.50003075 0.4432050875 0.5036287984375 0.45119047031250004 0.5199350218750001 0.450050228125 0.5257948765625 0.44479946562499995 0.5283663046875 0.4352706015625 0.52772110625 0.42604383281249997 0.5255441265624999 0.419360671875
2 0.37293132500000004 0.5866405875 0.37371645937500003 0.5978685375 0.3804866203125 0.6075460984375 0.3862702546875 0.6195044703125 0.3898503828125 0.6220434406249999 0.4050828046875 0.6209782859375 0.40390500156250003 0.6041349046875 0.395300753125 0.579017315625 0.38162110312499997 0.5754981406249999 0.3761314265625 0.575882015625 0.37293132500000004 0.5866405875
2 0.6563043765625001 0.9072763625 0.64366461875 0.9178042156249999 0.64880676875 0.93814911875 0.662724375 0.9514313859374999 0.6713445671875 0.9516477984374999 0.67355181875 0.9514934531250001 0.6808823453125 0.9379426515624999 0.6749032421875001 0.9179956875 0.6643435828124999 0.90671420625 0.6563043765625001 0.9072763625
2 0.73012594375 0.923402803125 0.70783325625 0.924961659375 0.698923128125 0.94315786875 0.704627625 0.9519274953125001 0.7147044203124999 0.9649757671874999 0.7209436218749999 0.96683161875 0.727299225 0.96809716875 0.7351845046875 0.9675457765625 0.7470236 0.9611876890625 0.7478188968749999 0.9528643828125001 0.746114815625 0.9284948765625 0.73012594375 0.923402803125
2 0.77694381875 0.9591850781250001 0.7654871171875001 0.9701687390625 0.7692369875 0.9800890546875 0.7754613609375001 0.9816902765625001 0.785345646875 0.9809991 0.7973692031249999 0.9781218578124999 0.8122661640625 0.956129709375 0.8117232296875001 0.9483653656250001 0.8044923921875 0.94887099375 0.7968890921875 0.94940266875 0.7843345453125 0.955613478125 0.77694381875 0.9591850781250001