1 0.131861553125 0.44250031874999995 0.1293637359375 0.4436016359375 0.12013164218750001 0.45220980156249996 0.11140081093750001 0.47528718437500006 0.1114502578125 0.47670314375 0.11961251875000001 0.4848186484375 0.1305295953125 0.48885647031249996 0.14151385156250001 0.48294904218749996 0.14868224531250002 0.46837372187500004 0.1484717546875 0.46234605 0.1460762578125 0.4474371171875 0.1347823078125 0.442398325 0.131861553125 0.44250031874999995
1 0.1782099546875 0.4312909734375 0.18002949375 0.425841640625 0.17976145937500002 0.4181661375 0.171273740625 0.406665315625 0.14621540156249999 0.4009089453125 0.1448948125 0.3998319734375 0.1389209734375 0.400040584375 0.12922798124999998 0.4048178734375 0.11739390000000001 0.41393487812499996 0.11508347187500001 0.426863971875 0.12083188281249999 0.433294659375 0.1371733765625 0.439578784375 0.1588884578125 0.4388204765625 0.1717194859375 0.4352478140625 0.1782099546875 0.4312909734375
1 0.20933493906249998 0.211972353125 0.2100073609375 0.20978139218749997 0.2096236140625 0.1987923296875 0.2054753125 0.19635748125000002 0.1931641921875 0.19181381718749999 0.19290985624999998 0.19177953125 0.178323940625 0.1922888828125 0.1702091375 0.19883239531250002 0.1704548859375 0.205869715625 0.17910641875 0.216343684375 0.187778584375 0.2204418109375 0.1886485875 0.22091610625000002 0.1950527984375 0.2206924671875 0.20400574374999997 0.21754650468749998 0.20933493906249998 0.211972353125
1 0.17294665 0.20029392499999998 0.179297578125 0.1951770515625 0.1820312671875 0.17851004374999999 0.1813668359375 0.171352225 0.17420403281250002 0.156135559375 0.1654916125 0.1427065203125 0.165121665625 0.1427194390625 0.1584636625 0.14453277343749998 0.1532363171875 0.1491344140625 0.152210084375 0.157710025 0.1527408140625 0.17290812656250001 0.15437302343749998 0.1816853953125 0.157973690625 0.18984543125 0.1727448296875 0.200300971875 0.17294665 0.20029392499999998
1 0.171770215625 0.1213583046875 0.17697939375 0.114641121875 0.1764682609375 0.1000042046875 0.1690308765625 0.0903691203125 0.1551344984375 0.0867839125 0.14391751875 0.0871756171875 0.1358414140625 0.0890413390625 0.1278693046875 0.09802348281249999 0.1259660609375 0.10679369375 0.13904567968749998 0.11752749375 0.155799425 0.12274495 0.16630020625 0.1229032421875 0.172267959375 0.12269484374999999 0.171770215625 0.1213583046875
1 0.44668666718749994 0.0478199453125 0.44555336562500003 0.015366459374999999 0.44025703125 0.012725665624999999 0.43923563750000005 0.012761332812500002 0.4229876015625 0.020810440625000003 0.41346289062499997 0.043486128125 0.40945713437500003 0.067258125 0.41180874687499996 0.0792069125 0.41752531406250004 0.079184475 0.42585010624999997 0.07889376718749999 0.4465466875 0.049205637499999996 0.44668666718749994 0.0478199453125
1 0.3893744828125 0.5556418390625 0.38849554999999997 0.5304725125 0.368728765625 0.5311627828125001 0.3614964359375 0.5366934328124999 0.357264928125 0.545297265625 0.35809457031249997 0.5690551171875 0.3588740453125 0.5691571609375 0.37063156875000003 0.5687465796875 0.3853470546875 0.5617309125000001 0.3893744828125 0.5556418390625
1 0.4373135265625 0.345511871875 0.4346353984375 0.344597759375 0.42670646406249996 0.34487464375 0.420244109375 0.35467299375 0.4188112234375 0.3688571546875 0.418921846875 0.372025025 0.4258292734375 0.38470744375 0.436901746875 0.3878475421875 0.4402471796875 0.386219228125 0.443978690625 0.37399715625 0.448414096875 0.365915590625 0.448369121875 0.364627684375 0.44128251093750004 0.3509153359375 0.4373135265625 0.345511871875
0 0.3857100140625 0.1115645390625 0.37500700625 0.11193829531249999 0.3607140671875 0.11921212031249999 0.360566896875 0.129424046875 0.3712793203125 0.1332082734375 0.379502134375 0.1378355015625 0.39094415625 0.133655646875 0.3933245390625 0.13149964218750002 0.39279095937499997 0.1162198984375 0.3857100140625 0.1115645390625
1 0.5181582234375 0.16932652343750002 0.5173488875000001 0.146150153125 0.5132391328125 0.133866059375 0.504572596875 0.1308655515625 0.4985871515625 0.13107456875 0.4893594640625 0.1368308921875 0.48592816875 0.148457753125 0.48422758750000006 0.1638599 0.48110081875 0.17504991406249998 0.48178417968750004 0.1763046265625 0.49672866562499995 0.18302792031249998 0.5070828203125 0.1865020703125 0.5181582234375 0.16932652343750002
1 0.5620668875 0.217877840625 0.5610945109375 0.1900325953125 0.5599989953125 0.1899046640625 0.542206378125 0.1905259953125 0.5348207359375 0.1917003890625 0.5224614843750001 0.2040652359375 0.5228330999999999 0.2147069359375 0.526168390625 0.227802290625 0.534910734375 0.2309065109375 0.5492088078124999 0.2282762765625 0.5592210828125 0.22195998125 0.5620668875 0.217877840625
1 0.568368103125 0.452011484375 0.5533621328125 0.4486769171875 0.5467718640625 0.449458315625 0.5351207484375 0.46563759375 0.5352406484375 0.46907108593749997 0.5412390203124999 0.48052036718749996 0.5550441640625 0.4849993546875 0.5647661171875 0.4791475625 0.5747089453124999 0.4677757640625 0.574910578125 0.4617051640625 0.568368103125 0.452011484375
1 0.5160213406249999 0.5273148921875 0.517905459375 0.520259678125 0.5174019703125 0.5058416203125 0.5173369953125 0.5057709921875 0.511159815625 0.5065379671875 0.494828325 0.5126205703125 0.486200484375 0.518030865625 0.4864216015625 0.5243628593749999 0.4879997875 0.5346924046875 0.5074529421875 0.5340130859375 0.5160213406249999 0.5273148921875
1 0.5326547890625 0.0978290953125 0.5468657046875001 0.0862781265625 0.555406484375 0.07192024218750001 0.5553533203125001 0.0703978140625 0.543607971875 0.04954268125 0.53673623125 0.0450448453125 0.5272315296875 0.0443239375 0.5133783921874999 0.054809675 0.512598825 0.0664180625 0.5123055562500001 0.0806415515625 0.5178930625 0.09360686406249999 0.5326547890625 0.0978290953125
1 0.5900849609375001 0.035239253124999995 0.5897590953125 0.025907681249999998 0.5858644203125001 0.018411353125 0.570554378125 0.0175562953125 0.530901465625 0.01894100625 0.5261187671875 0.026027451562499998 0.5240409359375 0.0418992328125 0.5276777906250001 0.0555965515625 0.5540905828125 0.058229028125000006 0.5639976359375 0.055513171875 0.5781798015625 0.0546229484375 0.5887527359375 0.040824384375 0.5900849609375001 0.035239253124999995
1 0.758232734375 0.792627721875 0.74301138125 0.78630821875 0.737885421875 0.788934028125 0.7377318093749999 0.7845351359375 0.7376635375 0.7825800859375 0.7196375328125 0.7800053328125001 0.70876151875 0.78038513125 0.7013894015625 0.7897191234375 0.7072321703125 0.8076214500000001 0.7295807921875 0.822262184375 0.7331550250000001 0.82213736875 0.7630628609375 0.8188845671875 0.7671847890625 0.808658534375 0.76701008125 0.803655553125 0.758232734375 0.792627721875
1 0.58730074375 0.8777784750000001 0.579776215625 0.8865199109375 0.5757562765625 0.9232905734375001 0.575776478125 0.923869046875 0.5895865734375 0.92922280625 0.6043060625 0.9163169 0.6110688421875 0.899775625 0.6116598875 0.87692141875 0.611613321875 0.875587928125 0.6058001890625 0.8730974078125 0.59434176875 0.8734975437499999 0.58730074375 0.8777784750000001
1 0.557230996875 0.795738721875 0.5542442859375 0.7920348015625 0.549276746875 0.792208271875 0.540622575 0.79543150625 0.5346384 0.8065606203125 0.5323445875 0.832121146875 0.5379067156249999 0.8610473390625 0.5502347609375 0.849090025 0.55441064375 0.825283821875 0.5579324734375 0.8158263874999999 0.557230996875 0.795738721875
1 0.508616725 0.7155514125 0.49756740156249996 0.6989503609375001 0.4894870578125 0.69423521875 0.4865003875 0.6943395156250001 0.47865170468749996 0.696236521875 0.4791175234375 0.7095758515624999 0.48330467343750005 0.72068204375 0.49598217031249997 0.7317661890625 0.5053713156249999 0.7399317875 0.5100114765625 0.7419197718749999 0.5092167765625 0.7191625203124999 0.508616725 0.7155514125
1 0.481507475 0.7315575125 0.47457396406249996 0.7206552109375 0.4658793046875 0.7138210484374999 0.443385925 0.7146065359375 0.44304524218749997 0.7162051218750001 0.44332235000000003 0.724140475 0.44827787812500003 0.73204309375 0.462579615625 0.7420132796875001 0.47172022187499996 0.744886128125 0.47526586093749995 0.7447623109375 0.48191427343750004 0.7432066796875 0.481507475 0.7315575125
1 0.379518434375 0.7276954140624999 0.3683450546875 0.7360076859375 0.36635713281250004 0.747168178125 0.3664014265625 0.7484365703125 0.370406696875 0.7585703203125 0.38964739531250003 0.7624253624999999 0.4125958359375 0.7508725296875001 0.4181577234375 0.739926846875 0.41874714375 0.725193546875 0.41868055000000004 0.7232865281249999 0.387907421875 0.72436115 0.379518434375 0.7276954140624999
1 0.24264159218749998 0.1267906796875 0.23051314375 0.12480139531250001 0.202876115625 0.1257665015625 0.20238766562500002 0.1258961328125 0.2026828234375 0.13434833125 0.21237234531250002 0.147067784375 0.221437546875 0.1507740265625 0.2411825640625 0.1515279609375 0.2462588765625 0.1513506921875 0.2636554328125 0.134290078125 0.263625159375 0.133423146875 0.24686888749999997 0.1284309765625 0.24264159218749998 0.1267906796875
2 1 0.49127248593750006 0.9899889906249999 0.204594678125 0.9899495093749999 0.20459605625 0.9347204640625 0.2387352671875 0.8672325093750001 0.2629093640625 0.8130799484375 0.2942539078125 0.69927693125 0.3244087703125 0.6533423468749999 0.3412850140625 0.5419108265625 0.3560849703125 0.49139160468750004 0.36657611874999996 0.34098174531250003 0.38928242343749997 0.210330525 0.3949357171875 0.11013528749999998 0.3984346125 0.058087998437499996 0.4067973375 0.05712404375 0.462465346875 0.060516659375000004 0.517981140625 0.063750703125 0.6105920109375 0.071956021875 0.67903016875 0.0849426015625 0.7178479078125 0.1254429546875 0.7535231421875 0.1563557296875 0.7644431796875 0.21542908593750001 0.7907428921874999 0.255092390625 0.8024482468749999 0.33253821875 0.8113190843750001 0.44471348906249997 0.8074018374999999 0.46021947343749997 0.8061937328125 0.5221272796875 0.78875969375 0.6081880171875 0.7552100828125 0.69894764375 0.731314171875 0.766359390625 0.7049609921875 0.8067900343750001 0.6970039296875 0.8499346015624999 0.6834977546875 0.8969409015625001 0.6556754015624999 0.9812071281250001 0.6123706265625 1 0.6027438218750001 1 0.49127248593750006