1 0.5516727015625 0.30312867187500003 0.5319418515625001 0.29003555937500003 0.5317808937499999 0.29003836875 0.5148350203125001 0.29506787343749996 0.5081859375 0.3066066234375 0.50835336875 0.31619880624999996 0.5164307859374999 0.3455553609375 0.5341164593750001 0.3665717640625 0.550086496875 0.36629300625 0.5617134328125 0.3648629859375 0.5615588171875 0.3560050484375 0.5582251390625 0.32481033593749997 0.5516727015625 0.30312867187500003
1 0.12813650468749999 0.23531679687499998 0.0936870953125 0.23528824531249998 0.072974203125 0.2499401109375 0.0656757453125 0.2686449125 0.0848239625 0.271273484375 0.09521840937500001 0.2710920484375 0.1122023 0.2585440578125 0.12170565625 0.2569491671875 0.12828936562499998 0.24407419843749997 0.12813650468749999 0.23531679687499998
1 0.113428703125 0.2879994703125 0.1131570734375 0.27243780625 0.09481489062500001 0.26327583125 0.0798314484375 0.27854224843750003 0.06957475468749999 0.29158253749999996 0.06612346875 0.309105615625 0.078509225 0.308889421875 0.079402275 0.3085593921875 0.0926795609375 0.30475505625 0.110683571875 0.2987246453125 0.113428703125 0.2879994703125
1 0.3326377625 0.11496396406250001 0.305538025 0.12732709375 0.30928055312499997 0.139812415625 0.3201507796875 0.1567972265625 0.3283088265625 0.16388273125 0.3420391984375 0.1636430671875 0.344884496875 0.1603288453125 0.34555367187499997 0.157049871875 0.3450278140625 0.1269234765625 0.3326377625 0.11496396406250001
1 0.790509296875 0.233926790625 0.769009021875 0.22963896718750001 0.768306609375 0.229651228125 0.7383852953125001 0.2481003875 0.7583621265625 0.2573016203125 0.7773067218749999 0.25918615312500004 0.782791365625 0.25909041875 0.7895016296875 0.2572886203125 0.794100146875 0.248908753125 0.793980721875 0.242066928125 0.790509296875 0.233926790625
1 0.726217959375 0.263449825 0.72139505 0.2607031125 0.7079994765625 0.25315200781249997 0.692630534375 0.25412798593749997 0.683871378125 0.27623909062499996 0.68409203125 0.2888802578125 0.6859954921875 0.2995379875 0.7067666578125 0.3135505265625 0.70816583125 0.31352610468750003 0.72161799375 0.30387025 0.7289981359375 0.2794434984375 0.7289743515625 0.2780809234375 0.726217959375 0.263449825
1 0.737120015625 0.43034320625 0.719880640625 0.415788765625 0.701392915625 0.4108059625 0.6929306140625 0.41254525937500003 0.69539595 0.4354094296875 0.7120849125000001 0.455716140625 0.7256794703125 0.4694942046875 0.7429122765625 0.4691934046875 0.7446950046875 0.45886077031249994 0.7476281359375 0.45146347656249997 0.7475924093749999 0.44941668124999995 0.737120015625 0.43034320625
1 0.9662653109375 0.43247726406250003 0.9441366671875 0.432863521875 0.92928006875 0.43350065937500004 0.93580664375 0.45021325 0.9436043046875 0.4683058015625 0.9601072328125 0.47634141874999997 0.9617638734374999 0.47631250156249993 0.9783620359375 0.45928588281250005 0.97459778125 0.45794936875000003 0.9738521062500001 0.4509513140625 0.9662653109375 0.43247726406250003
1 0.667773371875 0.628810996875 0.668389425 0.627075865625 0.6549553203125 0.61653303125 0.6410630875 0.616775521875 0.640770478125 0.6370420078125 0.6474952875 0.652012884375 0.6553998187500001 0.661374978125 0.6571377390625 0.6613446421875 0.670208325 0.6572206328125 0.6729298015625 0.6484587671875001 0.672855603125 0.64420794375 0.667773371875 0.628810996875
2 0.574191371875 0.5112068890625 0.550716371875 0.515806125 0.534171665625 0.5362676671875 0.504018278125 0.5415405437499999 0.5051353359374999 0.5545739796875 0.5088581984375 0.5640020453125001 0.5068932687500001 0.55335668125 0.540029565625 0.5883773484375 0.559092946875 0.5880445953125 0.5759491203125 0.58537699375 0.59121105 0.5423918171875 0.57755418125 0.5111481906249999 0.574191371875 0.5112068890625
2 0.5499386953125 0.75741850625 0.5825836046874999 0.747623396875 0.6127358578125001 0.73602681875 0.6178478453125 0.715866884375 0.617700884375 0.7074474734375 0.60418023125 0.71588050625 0.587584109375 0.705099828125 0.5734162625 0.6924316859374999 0.5715291578125 0.6783192609375 0.5787279921875 0.6677382046875 0.5701401671874999 0.64574746875 0.5575696609375 0.6305914109375 0.5572369703125 0.6115315828125001 0.5252942375 0.61454928125 0.52829120625 0.645247928125 0.5385730515625 0.6702841859374999 0.5207765765625 0.6847402859375 0.48985788281250003 0.6994254328125 0.48116890156250003 0.7186426375 0.471043559375 0.7495703359375 0.4703736703125 0.7581923546875 0.475938459375 0.7949963703125 0.46199598281250004 0.7952397375 0.4802967640625 0.8096807203124999 0.501770859375 0.8179162140624999 0.5171610765625 0.8216244828124999 0.524549371875 0.8214955203125 0.5408804171875 0.8024730359375001 0.54070870625 0.792635784375 0.5394055718749999 0.7649826671875 0.5499386953125 0.75741850625
2 0.1839258984375 0.5419806281249999 0.20210205937499998 0.5335157265625 0.20188558125 0.5211137109374999 0.19676861406249999 0.502516690625 0.174336746875 0.498199496875 0.1472954734375 0.499456271875 0.1078072265625 0.495436796875 0.10924302968749999 0.47657663437500003 0.1119365609375 0.4286571171875 0.096753484375 0.40145430156249995 0.075220371875 0.3943150125 0.0753028359375 0.39903935 0.0800531625 0.422150475 0.0868651734375 0.44165145156249996 0.101924996875 0.46179327968750006 0.0992855234375 0.47910485312500006 0.078057328125 0.4763362 0.0796444484375 0.4998523578125 0.094498853125 0.5082257921875 0.10728827656249999 0.5331160390624999 0.13640890625 0.549873228125 0.156091784375 0.565225565625 0.17071410781250002 0.5940077671874999 0.1741981859375 0.6135158140625 0.179792225 0.6134181703125 0.1897951078125 0.6085858125 0.18776406406249999 0.6055057890625 0.18566365468749998 0.5741269375 0.1839258984375 0.5419806281249999
2 0.1547199984375 0.6217505156249999 0.134134725 0.622109834375 0.09316959375 0.634596809375 0.0908444140625 0.6362069671875 0.0833901609375 0.6473242109374999 0.086153559375 0.670819834375 0.0951949328125 0.683218746875 0.113372865625 0.67976225625 0.1264764953125 0.6889511109375 0.1422289015625 0.7187772875 0.164645121875 0.7183860109375 0.16934371875 0.7180250609375001 0.1832283 0.7056476578125 0.1826725078125 0.6738062859375 0.1547199984375 0.6217505156249999
2 0.2188101703125 0.6143876125000001 0.20257196875 0.59739316875 0.2006959734375 0.5974259140625 0.1952449828125 0.61889159375 0.19526869062500002 0.6202497703125001 0.2050139109375 0.633476290625 0.2079959375 0.6486475125 0.20824893125 0.6631414609374999 0.2248917421875 0.6657640484375 0.22916235937499999 0.6656895046875 0.23087197812500002 0.65974688125 0.23056783906249997 0.6423227953125 0.224445334375 0.6258879312500001 0.2188101703125 0.6143876125000001
2 0.4123554578125 0.5221657140625 0.40075138125 0.5223682640625 0.3802194734375 0.5296962484375001 0.3745607265625 0.539407271875 0.361849234375 0.54574601875 0.388803503125 0.5540139468749999 0.3883432140625 0.5523694375 0.41799688437500004 0.55699975625 0.45301673750000004 0.5598838625 0.4806197359375 0.5535849921875 0.4805537796875 0.5498063875 0.477182959375 0.5419852015625 0.45015245000000004 0.5293493265625 0.43840800625 0.5243113546875 0.4123554578125 0.5221657140625
2 0.13617186718750002 0.3606238296875 0.0977171265625 0.361295059375 0.088684490625 0.3780556703125 0.11123680312499999 0.40125578749999996 0.1382216140625 0.411270840625 0.16081739687500002 0.41528165 0.16576230625 0.41519533593749997 0.18246431406250002 0.39329125 0.1824072046875 0.390019525 0.1748553546875 0.3730562359375 0.13617186718750002 0.3606238296875
2 0.45740933593750005 0.0729206390625 0.42717262187499994 0.076943803125 0.40548948281249997 0.1035375421875 0.4011712546875 0.1137244265625 0.4013606796875 0.124576603125 0.4033122890625 0.13498428906249998 0.426077134375 0.14774410625 0.4608225234375 0.13490382343750001 0.4833812625 0.09169179375 0.45740933593750005 0.0729206390625
2 0.5481663171875 0.2651855484375 0.5231773859375 0.2353147921875 0.52622415 0.209617334375 0.5440607859375 0.1801647328125 0.5199250125 0.149113453125 0.5100512687500001 0.134132353125 0.5033260578125 0.09928022656249999 0.47077997031249996 0.087026140625 0.44653519062499997 0.10096613437499999 0.44771406562499994 0.16850388125 0.46676001874999995 0.2071583 0.4628803078125 0.2352016484375 0.46800077812499996 0.278241346875 0.4808003796875 0.310656134375 0.49835325625 0.3150123671875 0.519908890625 0.34843995 0.5409764218750001 0.353900465625 0.57659068125 0.3917452734375 0.594672559375 0.41395963125 0.5968620718750001 0.41392141406249994 0.6073174375 0.381167853125 0.6072726359375 0.37860110156250004 0.5547288734375 0.2907153171875 0.5481663171875 0.2651855484375
2 0.7057140937499999 0.4723530421875 0.7031517140625 0.45848246875000004 0.67374421875 0.46856254374999995 0.661108025 0.475740759375 0.6514775312500001 0.4889544671875 0.6529596171875001 0.50045555625 0.6636409890625 0.5002691125000001 0.6834322312500001 0.4918755359375 0.7012039578125 0.4798242640625 0.7051417875 0.472797878125 0.7057140937499999 0.4723530421875
2 0.6375896812499999 0.5580405734375 0.644556209375 0.544933259375 0.6444949234374999 0.5414221171875 0.643078584375 0.523720784375 0.6408240015625 0.5191196031249999 0.6325269765625 0.5148768515625 0.6316738515625 0.5148917421875 0.6200181078125 0.522963178125 0.6178408359375 0.5364069171875 0.6178712265625 0.538147953125 0.622718059375 0.553079553125 0.6299875609375001 0.5602405796875 0.6310412000000001 0.5602221875 0.6375896812499999 0.5580405734375
2 0.1880146265625 0.303405796875 0.1746664765625 0.2950997703125 0.164041709375 0.2952852265625 0.158663521875 0.29637210468749997 0.1541153109375 0.3058839953125 0.163750503125 0.3308426 0.17257509531249998 0.330688565625 0.1804417515625 0.3286912875 0.19367862656249998 0.3195251890625 0.19359608125 0.314796178125 0.1880146265625 0.303405796875
2 0.24356859687500002 0.5106165046875 0.2609699484375 0.5247804234375 0.295398615625 0.5316812140625 0.312538134375 0.5308461734375001 0.32009884843749997 0.5135673875 0.32201480625 0.5095639265624999 0.3220074828125 0.5091444203125 0.2896488328125 0.4889145046875 0.27942089999999997 0.476232903125 0.266250684375 0.45878010625 0.2270143546875 0.465557284375 0.22629271874999998 0.4626925984375 0.224454721875 0.47116094999999997 0.2244751015625 0.47232845625 0.22882904843750002 0.48515356406250004 0.231864875 0.4952815109375 0.2355591125 0.502182903125 0.24356859687500002 0.5106165046875
2 0.46831964375 0.6983267468750001 0.4843823578125 0.6796162781249999 0.484032325 0.6595629484375001 0.482067975 0.65191118125 0.4662185859375 0.642113184375 0.43357603593749994 0.6326081859375 0.4143387484375 0.6211902390625 0.384345496875 0.6351467234375 0.3509789765625 0.6483224796875 0.3522743015625 0.65837451875 0.3535843203125 0.6692659078125 0.3329282984375 0.7048877921875001 0.28625910781249997 0.725851703125 0.318280190625 0.7639124078124999 0.3468609171875 0.7331894578125 0.37010758906249996 0.7176716484375001 0.39445918125 0.701295075 0.3984038 0.7348084671875 0.39806072812500004 0.7793109578124999 0.44474529843750005 0.7931964828125 0.4486370734375 0.7931285515625001 0.44565899218749994 0.747416575 0.45528071875 0.7212223343749999 0.44491183906250004 0.7046122 0.46831964375 0.6983267468750001
2 0.2163184078125 0.8000854921875 0.23938357500000002 0.813719271875 0.24734609062500001 0.7977853234375 0.2467250984375 0.76220875625 0.240422628125 0.7380711578125 0.2279112875 0.74276903125 0.20730006875 0.7644066265625 0.2163184078125 0.8000854921875