1 0.8204688421874999 0.8777646609374999 0.8169004359375001 0.857470253125 0.80782769375 0.8524938531249999 0.8039478890625 0.852561575 0.798697378125 0.8569144421875 0.7987757249999999 0.8614029296875 0.8042065125000001 0.8783163734375 0.8204688421874999 0.8777646609374999
1 0.8892046875 0.8628674546875 0.8890534234375 0.854201528125 0.8776251187499999 0.854401009375 0.875360578125 0.86331425625 0.8760239500000001 0.8783023484375001 0.8876158640625 0.874885796875 0.8892046875 0.8628674546875
1 0.77421875 0.92578125 0.0171875 0.0265625
1 0.96796875 0.89921875 0.01875 0.0234375
2 0.381187271875 0.89098789375 0.36436305468749997 0.9136676984375001 0.36436769375 0.9139335093750001 0.387510465625 0.921296859375 0.455754546875 0.914021803125 0.500904871875 0.9114954421875 0.5513713671875 0.9190891499999999 0.55732103125 0.9189852984375 0.5567279234375 0.8850061 0.5246552328125 0.8855659296875 0.5133903046875 0.89650239375 0.4693681359375 0.8972708031250001 0.41606295 0.8973321390625 0.381187271875 0.89098789375
2 0.5982354 0.9329880765624999 0.5841668328125 0.9236733125000001 0.5563633515624999 0.9241586234374999 0.5319746390625 0.9211078109375 0.5125383375 0.9362222250000001 0.505663296875 0.940687821875 0.53828269375 0.9505479296875 0.5707352390625 0.9508506171875 0.5955470375 0.9570345874999999 0.6060527609374999 0.956851209375 0.66501063125 0.9110034890625001 0.6643890296875 0.87539195 0.6371080328125001 0.902759403125 0.61657390625 0.9213694234375 0.609850528125 0.9345236343750001 0.5982354 0.9329880765624999
2 0.4823355625 0.7993999546875 0.4976896828125 0.8072836671875001 0.5000795390625 0.8072419515625 0.527470721875 0.7960047453125 0.519685721875 0.7483388515625 0.552872134375 0.7242932453125001 0.5494118625 0.7252227546875 0.55312915625 0.7241069015625 0.5250384078125 0.7245972265625 0.48941363281249994 0.7401760312500001 0.4722336140625 0.7517745031249999 0.47381674843750005 0.7760823125 0.4823355625 0.7993999546875
2 0.24115176875 1 0.264097725 0.9546683078125 0.2830639078125 0.9126193203125 0.3078263765625 0.8605890234375 0.30745655781250003 0.8394020609374999 0.2807376390625 0.8457374203124999 0.2643976234375 0.8390696343749999 0.2707266875 0.80332508125 0.2499650734375 0.8089022171875 0.2224649109375 0.8267647203124999 0.22238908125 0.8224204125 0.234222375 0.7700664500000001 0.21076466093750001 0.753962571875 0.12756868593749998 0.7502879421875 0.1014674984375 0.750743540625 0.10174820312499999 0.8154084921875 0.17165122500000002 0.8367855562500001 0.1984782375 0.8467467718749999 0.231370596875 0.8722463390625 0.252723684375 0.900554696875 0.2052960375 0.9717815562500001 0.1616530140625 0.994271421875 0.14890552343750002 1 0.24115176875 1
2 0.795539828125 0.7431225031250001 0.796639084375 0.7459050656249999 0.7702711265625 0.7701801390624999 0.742327234375 0.764363975 0.7163129625 0.74870803125 0.7037329671875 0.7202097390625 0.7075065515625 0.69562859375 0.713246325 0.6633083546874999 0.6906641234374999 0.663702528125 0.6851202890625 0.6624189421875 0.6821946718749999 0.662470009375 0.681344021875 0.682863196875 0.6820020265625 0.7205602265625 0.692924890625 0.7631249890625 0.730065453125 0.7841902234375 0.77465731875 0.7952515375 0.77522986875 0.79524154375 0.8110145375 0.78697986875 0.8218022015625 0.761607984375 0.8217854656249999 0.7606492203124999 0.795539828125 0.7431225031250001
2 0.6793131781249999 0.73735458125 0.713543746875 0.7421854546875 0.7221045187499999 0.6909041984375001 0.71398218125 0.6469184953125 0.6971882609375 0.5876745421875 0.675971325 0.5828789999999999 0.66505270625 0.583069584375 0.6612084015625 0.6030117296874999 0.6882856453125 0.649468340625 0.6854528078125 0.69784788125 0.6793131781249999 0.73735458125
1 0.8578125 0.47890625 0.01875 0.01875
1 0.83671875 0.53046875 0.021875 0.0234375
1 0.81875 0.48046875 0.01875 0.01875
1 0.984375 0.50625 0.015625 0.0234375
2 0.91640625 0.4140625 0.040625 0.0390625
1 0.7687508796875 0.482155578125 0.7794859296875 0.4918813078125 0.7921032140625 0.49262140312499997 0.7920598562500001 0.49013739375 0.7862723890625001 0.47715405312500003 0.773840875 0.47021628125000003 0.7705945078124999 0.47027294687500004 0.7687508796875 0.482155578125
1 0.96015625 0.61796875 0.015625 0.0171875
1 0.88125 0.55703125 0.0109375 0.025
1 0.309375 0.42109375 0.015625 0.0234375
1 0.365625 0.35390625 0.0140625 0.015625
1 0.34453125 0.32578125 0.0171875 0.01875
1 0.2625 0.33359375 0.015625 0.025
1 0.89765625 0.909375 0.021875 0.0203125
1 0.865625 0.76171875 0.015625 0.0234375
1 0.478125 0.665625 0.01875 0.0171875
1 0.48828125 0.6 0.0171875 0.015625
1 0.321875 0.3875 0.0203125 0.021875
1 0.06015625 0.3421875 0.0171875 0.01875
1 0.07734375 0.45234375 0.015625 0.025
1 0.07265625 0.49609375 0.0203125 0.0203125
1 0.2890625 0.42890625 0.01875 0.01875
1 0.73359375 0.29140625 0.01875 0.021875
1 0.70078125 0.27109375 0.021875 0.025
1 0.6203125 0.26796875 0.0171875 0.015625
1 0.79765625 0.190625 0.01875 0.0203125
1 0.80390625 0.2421875 0.0171875 0.0140625
1 0.6765625 0.4515625 0.0171875 0.01875
1 0.67421875 0.421875 0.0140625 0.021875
1 0.9375 0.4703125 0.0203125 0.01875
1 0.7328125 0.946875 0.01875 0.0171875
1 0.734375 0.9828125 0.0140625 0.0203125
1 0.859375 0.978125 0.015625 0.01875