1 0.687112865625 0.4342860421875 0.6871582109375 0.4316881546875 0.6598246609375 0.41527642187499997 0.65849294375 0.41525317656249994 0.6324201796875 0.434105840625 0.6324163125 0.43432744375 0.642708828125 0.460297065625 0.6465568296875001 0.4603642328125 0.6847451203125 0.45651646562500003 0.687112865625 0.4342860421875
1 0.6704093546875 0.37476471562499997 0.6590964046875001 0.397441234375 0.6659049921875 0.42475898125 0.6749494406250001 0.42491685312499994 0.6873682515625 0.419654975 0.6879550531249999 0.386037084375 0.6728768406250001 0.37480778593749997 0.6704093546875 0.37476471562499997
1 0.646908128125 0.32032543593749996 0.6388483140625 0.30293532343749996 0.614690659375 0.300864071875 0.60134773125 0.3341320359375 0.601324334375 0.3354723828125 0.6262157515625 0.347492040625 0.6301569312499999 0.34756083437499996 0.6468804140625 0.321913184375 0.646908128125 0.32032543593749996
2 0.8965644375 0.20911260468749998 0.914418290625 0.25719561562500004 0.9181586390625001 0.25726090468749996 0.9390538765625 0.2357381078125 0.93989753125 0.1874051625 0.9119434296875 0.1785889265625 0.8965644375 0.20911260468749998
2 0.703860834375 0.13085343124999999 0.6926079359374999 0.1455032125 0.7405202578125001 0.17273276875000002 0.77850811875 0.18293734687500002 0.7870291046875 0.18308608125 0.7918244015625 0.16523496875000002 0.7919475593749999 0.158179278125 0.7542309859375 0.14327969062499998 0.703860834375 0.13085343124999999
2 0.585113146875 0.005734584375 0.6199323265625 0.056756135937499994 0.6488904984375 0.0358170890625 0.6927794875 0.041531907812500005 0.68983231875 0.08436948749999999 0.722813825 0.08494518125 0.7624779890625 0.08068879062499999 0.77966514375 0.10408288125000001 0.801451321875 0.11601020625 0.8302367859374999 0.1049656125 0.8654170640625001 0.1055796859375 0.889891346875 0.0895111109375 0.9203603625 0.05327999375 0.9209922671875 0.017078181249999998 0.871484109375 0.0100100734375 0.8109688578125 0.008607175 0.5851318125 0.0046651734375 0.585113146875 0.005734584375
2 0.618408465625 0.251999 0.6183291546875 0.2565426796875 0.6729535453125 0.26065169843749997 0.673822221875 0.210885275 0.670926421875 0.1858371109375 0.66972514375 0.18581614375 0.62830883125 0.22528471875 0.618408465625 0.251999
1 0.8068344312500001 0.69635534375 0.7937009828125 0.7393101843750001 0.80344281875 0.7443955296875 0.8102794375 0.7445148640625 0.8274969078125001 0.7132275703125 0.8327832125000001 0.6836406921875 0.8328741031250001 0.6784335515625 0.8068344312500001 0.69635534375
2 0.6423865859375 0.5789329890625 0.6584482859375 0.5511744359375 0.6857226265625 0.513932771875 0.6857692531249999 0.51126151875 0.6456142734375 0.49143511406249996 0.6447531203125 0.49142008125 0.5830811578125 0.4961176515625 0.5497470843750001 0.53175273125 0.5332164984375 0.5863737203125 0.5232410640625 0.6224165265625 0.5021301921875 0.6688128875 0.5157675046875 0.669050928125 0.55684804375 0.6603883515625 0.5916782015625001 0.628284253125 0.6294597578125 0.6055779734375 0.6423865859375 0.5789329890625
2 0.5274896375 0.4181809625 0.49701467499999996 0.42387988749999994 0.48882516093749995 0.45023785 0.48879168125000005 0.45215588437500004 0.5096348625 0.4704761546875 0.5519795921874999 0.47121528437500004 0.57112684375 0.453959846875 0.5712424890625 0.447334609375 0.5555200046875 0.41867023437500006 0.5274896375 0.4181809625
2 0.40611775625 0.2548744390625 0.394208771875 0.21043267656250003 0.439805215625 0.22553952968750002 0.4441246125 0.20946001406249998 0.44434559062499995 0.196800125 0.43404406093750003 0.1642921203125 0.4218626515625 0.1354575640625 0.37978207343750003 0.14252902812499998 0.343327178125 0.1627086515625 0.36333489218750004 0.1903788203125 0.353852075 0.230544196875 0.32633514375 0.24177285781250002 0.28990295 0.26065187968750003 0.28266616093749997 0.28394350468749996 0.3048972 0.29604051875000004 0.3508795796875 0.2890371625 0.36020274375 0.31391884062500003 0.3725848953125 0.3461903734375 0.3849151375 0.34640559843749996 0.40750036562499997 0.3433663515625 0.41090346093749996 0.31610481875 0.42108930312500004 0.291563675 0.40611775625 0.2548744390625
2 0.510715203125 0.3251603765625 0.526535753125 0.32270576875 0.5265703265624999 0.32072504375 0.52358633125 0.2888020421875 0.4939066203125 0.26714969375000003 0.4602691296875 0.26936245312499996 0.4602553875 0.270149690625 0.46709787968749994 0.29626975 0.4837297171875 0.3120585375 0.500345259375 0.32497936875 0.510715203125 0.3251603765625