2 0.5766586828125 0.6825612890625 0.58948725625 0.694132159375 0.6173103609374999 0.7008303140625001 0.6389505546875001 0.681766334375 0.65556713125 0.663732840625 0.6775937562500001 0.6405469187499999 0.6891867171875 0.63436400625 0.690625 0.622035871875 0.690625 0.6059575734375 0.6876409890625 0.593659834375 0.6745023 0.562745271875 0.6768208921875 0.563260515625 0.6690922515625 0.5447117796875001 0.65556713125 0.516888671875 0.6508222296875 0.5046875 0.6433933078125 0.5046875 0.6277440265625 0.508644790625 0.61151388125 0.5271935265625001 0.6076495609375 0.5493489625 0.606490265625 0.5823244953125 0.588327959375 0.6034494453125 0.584463640625 0.6462145890625 0.5766586828125 0.680903284375 0.5766586828125 0.6825612890625
2 0.5693150953125 0.450153071875 0.600639615625 0.45132774218750005 0.6296147953125 0.45191507656249996 0.6609393156250001 0.45485175 0.6758184640625 0.45191507656249996 0.711058546875 0.44134304999999996 0.715625 0.40837897031250003 0.715625 0.3862460203125 0.7141910015625 0.37791089843750003 0.7000949656250001 0.3491314953125 0.691737575 0.346875 0.64954875 0.346875 0.6444939421875 0.3473694921875 0.6069045187500001 0.3591161859375 0.5841942437500001 0.375561559375 0.5693150953125 0.39494360624999997 0.561483965625 0.42313567343749997 0.552086609375 0.43899371093750006 0.559134625 0.4525024109375 0.5693150953125 0.450153071875
2 0.82928535625 0.4077354015625 0.8451106906250001 0.4104405875 0.851819003125 0.4109375 0.8525029406250001 0.4109375 0.8653995812499999 0.4044891796875 0.8747324703125001 0.37473214062500004 0.8735151359375 0.36012413906249996 0.875 0.3416458328125 0.875 0.32940392812499997 0.8580599078125 0.321875 0.8512819125 0.321875 0.8390240234374999 0.32982606406250004 0.8361835781250001 0.3563368796875 0.8195466890625 0.36391139843750003 0.8100361062499999 0.3725162109375 0.8100361062499999 0.378579125 0.8154889093750001 0.3915042890625 0.819140909375 0.40124295625000006 0.82928535625 0.4077354015625
2 0.41757504062499995 0.2003679046875 0.42185387656250006 0.21320441250000002 0.43896922031249996 0.211599846875 0.47248676874999995 0.20518159531250002 0.49375 0.19938253125 0.49375 0.1913345453125 0.4746261859375 0.184857125 0.461789678125 0.17522974375 0.4746261859375 0.159184109375 0.47533932500000003 0.1474173109375 0.4693623984375 0.1421875 0.46166317343749996 0.1421875 0.45465828437500005 0.1452778921875 0.4318378265625 0.1549052734375 0.422567015625 0.15704469062499998 0.407591090625 0.1586492546875 0.3961808609375 0.16774178125 0.3961808609375 0.184857125 0.41686190156249997 0.1955542140625 0.41757504062499995 0.2003679046875
2 0.3172512796875 0.20358769843750002 0.328517421875 0.2078125 0.32863644999999997 0.2078125 0.3229563953125 0.1955648796875 0.3296875 0.18133776875000002 0.3296875 0.1775711953125 0.321530115625 0.1672175921875 0.3075074828125 0.1640625 0.30721129375 0.1640625 0.30227535625 0.16882215625000002 0.29300454375 0.167752446875 0.2780286171875 0.167752446875 0.270897225 0.1800541 0.2758892 0.1939603171875 0.2837337328125 0.19770429843749998 0.3001359359375 0.2046574078125 0.3172512796875 0.20358769843750002
2 0.3328125 0.4640625 0.3326661234375 0.4640625 0.3324202859375 0.4643083375 0.3050208703125 0.47996514531249995 0.3026723515625 0.5071036109375 0.2964477953125 0.5303419500000001 0.2964477953125 0.53526041875 0.3328125 0.51101728125 0.3328125 0.4640625
2 0.396410359375 0.30869327812499997 0.3911914234375 0.3016477171875 0.3880600609375 0.294602153125 0.3891038484375 0.28285954687500003 0.3724032546875 0.2781625046875 0.3536150859375 0.27346546250000003 0.341089640625 0.293036471875 0.3703156796875 0.29929919531250004 0.3797097640625 0.306344759375 0.375534615625 0.30869327812499997 0.3724032546875 0.3204358859375 0.3751137671875 0.3265345375 0.377849284375 0.3265345375 0.387016275 0.32278440625 0.396410359375 0.30869327812499997
2 0.4624220734375 0.04990494375 0.43945875624999997 0.0483392625 0.4239886359375 0.0453125 0.41270060312499995 0.0453125 0.3935321203125 0.056950507812499995 0.3810066765625 0.0671274328125 0.41127650156250006 0.071041634375 0.4384149703125 0.0694759546875 0.4603345 0.0796528765625 0.4828125 0.0815980890625 0.4828125 0.0621391984375 0.4624220734375 0.04990494375
2 0.38934286406249996 0 0.38492259687499997 0.0026194171874999997 0.3896196390625 0.01618865 0.393533840625 0.03706439375 0.40371076562499997 0.046458478125 0.41232200937499996 0.03706439375 0.4171875 0.022467923437500002 0.4171875 0.0164132484375 0.40762496718749996 0.0036632046875 0.40426702968750006 0 0.38934286406249996 0
1 0.8644358921874999 0.6015625 0.841613784375 0.6015625 0.8296875 0.62307658125 0.8296875 0.6262759046874999 0.8316374078125 0.6384086671875 0.8402191312499999 0.6550520093750001 0.8623141765625 0.6550520093750001 0.8754764671874999 0.6498903265625 0.8796875 0.6171378609375 0.8796875 0.6129617671875 0.8660823828125 0.6018761171875 0.8644358921874999 0.6015625
1 0.1609375 0.16020826562499998 0.15203140312500002 0.15625 0.1381377328125 0.15625 0.1369035359375 0.1564850859375 0.11033785468749999 0.1584529140625 0.11033785468749999 0.170211978125 0.112635484375 0.18675491093750002 0.128292290625 0.20241171875 0.155691703125 0.18153597500000002 0.1609375 0.16404998906249998 0.1609375 0.16020826562499998
2 0.453884590625 0.375 0.43943006406249996 0.3851435265625 0.44256142656249997 0.40706305625 0.45211683125 0.4078125 0.45616405625 0.4078125 0.46213243593750003 0.4018441234375 0.46056675468749997 0.37888080468749996 0.454745546875 0.375 0.453884590625 0.375
2 0.43337626093750004 0.354858453125 0.4341292265625 0.3486464875 0.43200344218750003 0.346875 0.4117076734375 0.346875 0.4070224640625 0.351470109375 0.40137522187499997 0.360223334375 0.40024577343749995 0.368129471875 0.40589301562499996 0.3695412828125 0.4175639828125 0.3647411265625 0.420575846875 0.364458765625 0.42622308750000004 0.3582467984375 0.43337626093750004 0.354858453125