1 0.34026861249999996 0.4108714921875 0.32270835625 0.397188128125 0.31241634218750003 0.406279759375 0.30653967031249996 0.410822103125 0.305511446875 0.4315510359375 0.318318615625 0.44848546562499997 0.34277923125 0.4467750125 0.34026861249999996 0.4108714921875
1 0.2545236234375 0.3993373671875 0.26004621875 0.3836055625 0.2596025796875 0.3772612265625 0.22757831875 0.3710429609375 0.22660245781250002 0.3711111984375 0.2086991078125 0.3821005609375 0.206064471875 0.390008196875 0.20750155312500002 0.4105594 0.21282142343750002 0.4167046609375 0.2363460484375 0.41505965937499995 0.2545236234375 0.3993373671875
1 0.34160670937500004 0.31801040625 0.33993514999999996 0.294105996875 0.3313255171875 0.28854525937500003 0.31080065156250003 0.28546924375 0.30858942968749997 0.2856238671875 0.300291834375 0.3055816328125 0.3032623125 0.33676359218749996 0.3090335546875 0.3363600265625 0.339753765625 0.3263605578125 0.34160670937500004 0.31801040625
1 0.27032598124999996 0.40097099687500004 0.28490655 0.4038324015625 0.2944016390625 0.403168440625 0.3032130890625 0.3995544734375 0.306570909375 0.3801846 0.2891117734375 0.3719851046875 0.2766083328125 0.36726611875000004 0.26591228125 0.37154668125 0.2682364828125 0.3710897734375 0.2612591921875 0.38924081718750003 0.27032598124999996 0.40097099687500004
1 0.23451214843749998 0.45822781562500003 0.2376417390625 0.4635248359375 0.2555579859375 0.462272009375 0.2635733484375 0.4582563515625 0.26880044999999997 0.44159884062500004 0.2680143765625 0.43035745625 0.265903515625 0.422441140625 0.25757917343750003 0.4174615015625 0.25219173281249996 0.4134224421875 0.24147362499999997 0.423003496875 0.23250301874999998 0.43511183124999997 0.23032297656249998 0.4443066375 0.23086475 0.45205435625 0.23451214843749998 0.45822781562500003
1 0.23452776718749999 0.5313489796875001 0.2375652109375 0.5324480671875 0.24780767187500002 0.5317318453125 0.2574428171875 0.5255700125 0.2552401625 0.4940705921875 0.2527646328125 0.4883742875 0.2522893640625 0.48840752031249995 0.24042090312500003 0.49207798125 0.2255696453125 0.49870981875 0.215324271875 0.5094353390624999 0.21677509375 0.523786240625 0.22420357968750002 0.52971584375 0.23452776718749999 0.5313489796875001
2 0.3600847140625 0.58109248125 0.3567409765625 0.6592548015624999 0.36959798125 0.7024802796875 0.37143329999999997 0.7798679890625 0.40418341562500004 0.7917695625000001 0.4046228296875 0.7917388359374999 0.43919229218750006 0.7643968984375 0.43354925624999996 0.683697709375 0.437928171875 0.6440372140624999 0.44222416875 0.6031899359375 0.4359500515625 0.5773924546875 0.3991776421875 0.5501499703125 0.4085627875 0.5053691703125 0.43559884843749996 0.47008710468750003 0.4709141625 0.4509219046875 0.54262849375 0.437635225 0.54246648125 0.43531832656249997 0.5245944609375 0.3875404859375 0.479608896875 0.3776869625 0.47870549531249995 0.377750134375 0.4249495953125 0.394508334375 0.3750075640625 0.421851709375 0.3590858015625 0.4754374171875 0.3649083453125 0.52034733125 0.35947371875 0.557696575 0.3482764296875 0.59258668125 0.3483494484375 0.5936309015625 0.3600847140625 0.58109248125
2 0.319328146875 0.8776800937499999 0.33728232343750003 0.8794624625 0.3463662640625 0.8788272515625 0.3631229625 0.8388562125 0.4074525734375 0.83406239375 0.4074500921875 0.8340269062500001 0.3434505625 0.8303973843750001 0.29954078906250003 0.8334678546875001 0.288620578125 0.7966819734375 0.2697616875 0.782802125 0.2315273484375 0.8158729093750001 0.2569996578125 0.856111459375 0.290472853125 0.8743335796875 0.319328146875 0.8776800937499999
1 0.36949997031250004 0.782356278125 0.37602734843749996 0.7654497671875 0.375779134375 0.7619001437499999 0.36986713125000004 0.758081609375 0.357650165625 0.750680940625 0.3296068734375 0.753157846875 0.32333000312500004 0.7716545125 0.334572225 0.7847986640625 0.3409006484375 0.7852305171875 0.3639896640625 0.783615975 0.36949997031250004 0.782356278125
2 0.326182471875 0.635018046875 0.3254110671875 0.6239864390625 0.31774568125 0.6004375265624999 0.3083469453125 0.588411153125 0.2748314046875 0.5850471859375 0.2694680171875 0.61713121875 0.271473371875 0.6322112921875 0.281298834375 0.6531288359375 0.2863149171875 0.652778078125 0.326182471875 0.635018046875
2 0.8073677281249999 0.7867881140625 0.82306489375 0.774568415625 0.8228182578125001 0.7710413578125 0.7759091859375 0.749143625 0.7453257843750001 0.78842519375 0.7039957828125 0.7899645828125 0.7460235734375 0.8241687343749999 0.7873779078124999 0.8370245046875 0.793733996875 0.8365800437500001 0.7921212468750001 0.8135166359375001 0.8073677281249999 0.7867881140625
2 0.5704471046874999 0.859017859375 0.5738605546875 0.8597866703125 0.5767180265625 0.85958685625 0.6483934687499999 0.8400607843750001 0.6576433203125001 0.8306347562499999 0.726245846875 0.8197596515625 0.7692078109375 0.810753009375 0.7689696328125 0.8073469078125 0.7607945265625 0.77277221875 0.69371475 0.7639957609375 0.693482328125 0.7640120140625 0.669354646875 0.7919974843750001 0.640054278125 0.798098365625 0.6098104546875 0.8035898546875 0.5460550453125 0.8363383656250001 0.5704471046874999 0.859017859375
2 0.6202280078125 0.43332729375 0.5930423484375 0.45306415624999996 0.5966606171875 0.49514959531249997 0.6194563109375 0.501141996875 0.5904490078125 0.5388923515624999 0.59089380625 0.5452532484375 0.6126685515625 0.5985250765625 0.5987510390625 0.640935928125 0.6068202281249999 0.6632587875 0.6175670203125 0.6625072984375 0.64539009375 0.651186878125 0.6488508875 0.6041023359375 0.640671228125 0.574046490625 0.637627353125 0.511202084375 0.6475578140625 0.4600618703125 0.6345660234375 0.438449896875 0.626016034375 0.43292255625 0.6202280078125 0.43332729375
2 0.31592110625 0.2215373734375 0.3177657328125 0.27208323437500004 0.31790292343750004 0.27404514999999996 0.348084125 0.2897725125 0.349441721875 0.2896775796875 0.370165834375 0.27843782031250003 0.3685966078125 0.25599684375 0.3177610328125 0.22140871406249998 0.31592110625 0.2215373734375
2 0.1196796984375 0.1452616296875 0.13760485 0.1568393984375 0.158830178125 0.1769656140625 0.193989953125 0.20030363593749997 0.2220303421875 0.1983428609375 0.219903796875 0.167931853125 0.19413075625 0.140730821875 0.1695076515625 0.12354351875 0.13861303281249998 0.0939635203125 0.0898785375 0.10012131875000001 0.082784815625 0.1234907953125 0.0831290796875 0.1284139828125 0.1196796984375 0.1452616296875
2 0.1979100234375 0.2341952671875 0.1974887765625 0.2281711703125 0.175887765625 0.22646081875 0.1464464078125 0.23054553281249998 0.121017296875 0.22759644531249998 0.104328521875 0.22850179062499998 0.076609696875 0.2304400796875 0.0315904703125 0.2475729734375 0.044712131249999995 0.28290638125 0.083070871875 0.277522759375 0.1198246765625 0.2749526828125 0.152477984375 0.284654840625 0.156635821875 0.2843640953125 0.19474924531249999 0.2643108640625 0.1979100234375 0.2341952671875
2 0.2232301875 0.3722969296875 0.22314626249999997 0.37109674843749996 0.2080802640625 0.36119176875000003 0.1858174984375 0.3391120984375 0.162604196875 0.34208596406249997 0.1330542140625 0.3559182546875 0.133371540625 0.36045625000000003 0.14284810625 0.3902713625 0.1569998734375 0.389281775 0.2232301875 0.3722969296875
2 0.092110653125 0.4011453828125 0.08231785 0.3671946890625 0.07735554375 0.3252032375 0.0856584609375 0.30887475000000003 0.08538654375 0.30498614687500003 0.06436668281249999 0.28298460625 0.0642370046875 0.2829936734375 0.052615409375 0.3287348796875 0.0418073578125 0.3673250125 0.045488260937500004 0.41030687187500003 0.047943171875 0.4164409421875 0.07820717968749999 0.421418859375 0.078785759375 0.42137840156250006 0.092383025 0.40504050156250004 0.092110653125 0.4011453828125
2 0.43241410937499997 0.8774380109375001 0.41658310624999995 0.852370821875 0.38690365937500004 0.8693510609375 0.39221863749999997 0.8935284421875 0.401098034375 0.9142590437499999 0.4082596203125 0.9167897640625 0.41698045625 0.9161799437499999 0.43437765937500006 0.90551808125 0.43241410937499997 0.8774380109375001
2 0.49056929531250004 0.2404092171875 0.45631968125 0.26010338125 0.4708418015625 0.303116875 0.4984026859375 0.30118963125 0.5099366375 0.2990568078125 0.5139125515625 0.27337100625 0.512993821875 0.260232565625 0.49056929531250004 0.2404092171875
2 0.403454484375 1 0.43546386875 0.96319310625 0.444535859375 0.9387903375000001 0.44423128749999996 0.9344347703125001 0.41484971406250004 0.9114252765625 0.3847906953125 0.9059003484374999 0.37655603125 0.9064761718750001 0.34344966875 0.9246617390624999 0.3469958734375 0.9753748328125 0.3623980328125 1 0.403454484375 1