1 0.6200829109375 0.51506324375 0.62762075 0.529207040625 0.641426909375 0.5287249187499999 0.6455686218750001 0.520162096875 0.647364471875 0.49742918124999996 0.6370850906250001 0.478540434375 0.6286049359375 0.469854315625 0.625957228125 0.46745933281249996 0.6213292203125 0.467620946875 0.6149003140625 0.47722946562499996 0.6157039609375 0.5002429187499999 0.6168648390625 0.5055517625 0.6200829109375 0.51506324375
1 0.7926224390625001 0.47466233437499994 0.8066660140625 0.477379875 0.8138720562499999 0.477128234375 0.82199144375 0.4667896015625 0.8210735328125001 0.4405040515625 0.8170872796875001 0.43146305625 0.8053972109374999 0.42367029375 0.7992407734375 0.42388528125 0.7918601953125 0.4252865078125 0.7825597906249999 0.44305541249999997 0.783235696875 0.46241084062500004 0.7926224390625001 0.47466233437499994
1 0.5201125656250001 0.270062984375 0.5305978578125 0.2926523984375 0.5413037703125 0.30526521406249996 0.5627725171875 0.29537675625 0.56995895 0.2806961421875 0.5692040281249999 0.259078015625 0.5690027140625 0.2533131609375 0.5647720234375 0.2423981828125 0.5513815578125 0.2417995203125 0.531842478125 0.242481840625 0.5257497625 0.245684796875 0.5233207484375 0.249617540625 0.5197110375 0.2585647 0.5201125656250001 0.270062984375
1 0.4695362375 0.3614888484375 0.4846640203125 0.3537457484375 0.4879384796875 0.3372777796875 0.4870792296875 0.330034890625 0.4664492796875 0.3307553046875 0.46038369687499997 0.33824001406250004 0.4571232 0.3466831703125 0.4575147421875 0.357895440625 0.4695362375 0.3614888484375
1 0.15319479687499998 0.2931844828125 0.16372260624999999 0.2982201140625 0.180166984375 0.29224259375 0.1836167109375 0.28791957031250004 0.18013358125 0.25261948125 0.174325546875 0.25027625 0.16723789218750001 0.25052375625 0.153757503125 0.25774315468750003 0.15102782812499999 0.2669138859375 0.1517529546875 0.287678803125 0.15319479687499998 0.2931844828125
1 0.6062517671875 0.40425161249999997 0.603974425 0.4135920296875 0.603754921875 0.4266957140625 0.6040699625 0.43571730156250005 0.6054077546875 0.45463720937499996 0.6140673671875 0.46485613125 0.6173532890625 0.464741384375 0.6355742281250001 0.46110827031249996 0.6398368390625 0.4464892625 0.639411346875 0.4226799859375 0.6393499484375 0.4209217484375 0.63227130625 0.3953200296875 0.6254868921875001 0.395556946875 0.6108373828125 0.3988822140625 0.6057376328124999 0.4019543328125 0.6054253546874999 0.405438065625 0.6062517671875 0.40425161249999997
1 0.7148037281249999 0.846104003125 0.725146134375 0.85467385 0.7374225609375 0.8587106734375001 0.74142739375 0.8492277749999999 0.7412265859375 0.8434773921875 0.7345826203125 0.8253185249999999 0.7210824015624999 0.8190411875000001 0.711237534375 0.8193849765625 0.7097091609375 0.8200470375 0.7086203390625 0.83290603125 0.7086698234375 0.83432310625 0.7148037281249999 0.846104003125
1 0.2704286890625 0.113670853125 0.2744893515625 0.10360594062499999 0.25883493281250003 0.09753720625 0.24507820156250001 0.09843105625000001 0.23030632031249998 0.101841159375 0.2268317265625 0.109539725 0.22753414218749998 0.129654271875 0.2425345734375 0.1361450203125 0.256204778125 0.132773390625 0.2663247203125 0.1224968796875 0.2704286890625 0.113670853125
1 0.49055120937499996 0.1531840890625 0.5001749359375001 0.168290515625 0.5058548078125 0.1689797359375 0.5077370953125 0.1689140046875 0.5149645171875 0.165567971875 0.5254898578125 0.15913373125000002 0.5268878234375001 0.148948396875 0.5266186015625001 0.141238896875 0.523605971875 0.1288660375 0.5136847062500001 0.11707909999999999 0.51035359375 0.116592603125 0.49389369843750003 0.1171673953125 0.4895701734375 0.12509092500000002 0.4886260453125 0.12952111093750002 0.4891725390625 0.1451706609375 0.49055120937499996 0.1531840890625
2 0.36495237187499996 0.0987531515625 0.36994279375 0.1464406046875 0.37042968125 0.160383240625 0.3714382359375 0.18926447500000002 0.37134783437499996 0.205720065625 0.37754840624999997 0.23093009062499997 0.39733240468750003 0.24519599687500002 0.423793359375 0.2602258421875 0.4702190359375 0.256610378125 0.486372375 0.24308375624999998 0.5051999828125 0.2299623 0.5198926578124999 0.1746076984375 0.550923084375 0.1490946796875 0.5810423796874999 0.13557890781249998 0.5626076703125 0.10281920625 0.5497718078125 0.0399504296875 0.52707009375 0.018308025 0.49679772812499995 0.008396790625000001 0.425010028125 0.009408056250000001 0.39512021875 0.0104518328125 0.33266633125 0.0121341796875 0.30328920625 0.0128183296875 0.2485361484375 0.014730348437499999 0.248544034375 0.0149561875 0.2686197359375 0.025339024999999998 0.29455213750000003 0.063321084375 0.32663983124999996 0.08712852343750001 0.36495237187499996 0.0987531515625
2 0.48263149843750003 0.49511677968749995 0.48289128124999997 0.5025559984375 0.48738255781250006 0.52770195 0.49541625468749995 0.55082979375 0.5038821078125 0.5863353171875 0.5046505265625 0.6083399265625 0.49534878281249994 0.6375810765625001 0.513788746875 0.6630994953125 0.51007438125 0.7045381953125001 0.507701734375 0.7252755453125 0.5048007218749999 0.7308847109375 0.5043715828125 0.7777165484374999 0.5237945328125 0.8018236703125 0.53275709375 0.8096249390624999 0.53469635 0.80955721875 0.542974334375 0.7598449046875 0.5729222593750001 0.7601760718749999 0.5933027125 0.7525795390625001 0.6050987171875 0.73564400625 0.6109000265625 0.68939713125 0.6093608125000001 0.6212069687499999 0.6140356953125 0.6072740546875 0.6153998359374999 0.5576556484374999 0.6106033359375 0.5385455953125 0.5830506390625 0.48855998906250003 0.5543003453125 0.463401640625 0.5340384453125 0.4448316515625 0.536267015625 0.4199684453125 0.5274278734375 0.3724025515625 0.525897928125 0.3724559796875 0.49564716718749996 0.380077928125 0.48943846718749995 0.40921101406249993 0.4875941078125 0.445076578125 0.48263149843750003 0.49511677968749995
2 1 0.7006386796874999 0.9708090531250001 0.6530891765625 0.9973726468749999 0.5860671796875 0.9911613812500001 0.5453863625 0.942863759375 0.547072953125 0.80388089375 0.5611263234375 0.8039083874999999 0.561913628125 0.8243038265625 0.5962417640625 0.8568195640624999 0.64054616875 0.9013720375000001 0.718854403125 0.9353959921874999 0.7176662609375 0.9718783859375 0.7405335749999999 0.9735002265625001 0.7404769390625 1 0.713233071875 1 0.7006386796874999
2 0.5328716609375 0.326767703125 0.5183766796875 0.3124119515625 0.5645994953125 0.3003069859375 0.5812333875 0.27853598125 0.581027640625 0.27264418125 0.5693923859375001 0.2371949 0.5437991156249999 0.2389628546875 0.5112174671874999 0.2409748515625 0.5000947078125 0.223004396875 0.5154250015625 0.19449363749999998 0.540377984375 0.1743891046875 0.5466955046875001 0.1549354046875 0.534408 0.1370056234375 0.4983077734375 0.10504534218749999 0.46418951562500005 0.1298411625 0.45707319843749994 0.159813521875 0.4596710078125 0.20081177343749998 0.45568297968750004 0.22018412656250003 0.4380536890625 0.24964945468750002 0.3698537171875 0.2668929765625 0.3590662296875 0.25852735781249997 0.331881425 0.24811162343749998 0.336412196875 0.27767732343749996 0.368621971875 0.298408346875 0.38903202187499997 0.31518026250000003 0.415631515625 0.3422268671875 0.43113878124999994 0.35217610625 0.4814655796875 0.35741254218749996 0.513309365625 0.367665515625 0.540744209375 0.3518455421875 0.5328716609375 0.326767703125
2 0.2049334046875 0.086913753125 0.17051224375000001 0.1085318765625 0.1706193 0.1115975421875 0.1873286359375 0.150473240625 0.20035395781249998 0.1561379859375 0.22463006562499999 0.1500448640625 0.2456865 0.15193228125 0.255437178125 0.1306101859375 0.259120246875 0.10250615625 0.26149645781249997 0.0724651046875 0.2614581875 0.0713691859375 0.25764741406249997 0.051935034375 0.2541917546875 0.0520557078125 0.21734889062499999 0.07511514531249999 0.2049334046875 0.086913753125