2 0.5202193453125 0.11937498906249999 0.5172758484375 0.1253626078125 0.5071667625 0.1308662640625 0.5059861484375 0.1523684890625 0.522477334375 0.15681899531250001 0.5231040234375001 0.15679711093749998 0.5304518265625 0.15237256875 0.535823634375 0.13794066562500001 0.535678996875 0.13379880156249999 0.520408290625 0.119368390625 0.5202193453125 0.11937498906249999
2 0.7114827218750001 0.288074078125 0.709372771875 0.2776683265625 0.6985215578124999 0.26586825625 0.6915099203125 0.26437325 0.6852623328125 0.25154248749999997 0.6774504046875001 0.24365090937499997 0.660940728125 0.24422744062500001 0.6595024296875 0.24461268593750002 0.656281625 0.25478249375 0.65641935625 0.2587265921875 0.6612980921875 0.262818484375 0.6794036765625 0.283064515625 0.6794947015624999 0.2856711234375 0.685681603125 0.296764146875 0.70083303125 0.298844834375 0.711614678125 0.291852840625 0.7114827218750001 0.288074078125
2 0.5156539125 0.6252052765625 0.515754128125 0.603163578125 0.53488855625 0.5781373828125 0.5202763312500001 0.5680838406250001 0.5179681281249999 0.5681644453125 0.5021547109375 0.5873998109375 0.5040754234375 0.6174902703125 0.51890780625 0.643650128125 0.5202023796875 0.680721884375 0.5401459187500001 0.6788655359375 0.5398029703125 0.6939562796875001 0.5474802765625 0.6646905546874999 0.5458427546875 0.6427095390625001 0.5296983375 0.6537124624999999 0.5156539125 0.6252052765625
2 0.4779563515625 0.43808830781249997 0.48179592812500005 0.44839337187500006 0.49838535781250004 0.4501338671875 0.5074786015625 0.46141537499999996 0.5134872625 0.4385104875 0.513461140625 0.437762428125 0.5053556125 0.42553245312500004 0.50074336875 0.42492832500000005 0.4977328609375 0.4250334546875 0.4779563515625 0.43808830781249997
2 0.6877816718750001 0.8565492515625 0.6825068484375 0.8300556359375 0.6691501671875 0.8212428203125001 0.647711621875 0.8301108062500001 0.6464188937500001 0.8429149046875001 0.6521269203125 0.8569023765624999 0.652693296875 0.8731212703125 0.6640290515625 0.873885321875 0.680578025 0.8744673234375 0.69066150625 0.8891939671875001 0.702199540625 0.89575048125 0.7175753046875 0.8627362046875 0.7229291921875001 0.8416709515624999 0.737800184375 0.8191134468750001 0.7499027484375 0.7920129984375001 0.764820496875 0.7857254625000001 0.7642588421875 0.7696417953125 0.7608128015625 0.7556749515625001 0.73960764375 0.7712262812499999 0.726938703125 0.7821078359375 0.7134818046875 0.7953367171875 0.7017626453125 0.8085049171875 0.7065520000000001 0.8210966234375 0.7105534 0.836035659375 0.6968537671874999 0.8423135859374999 0.689640775 0.8599640468749999 0.6877816718750001 0.8565492515625
2 0.75580380625 0.644171696875 0.750684371875 0.6304316125 0.76656950625 0.620307671875 0.7667883875 0.6182214125 0.76625943125 0.6030740625 0.7533856875 0.59902979375 0.7427747765625 0.5994003343750001 0.72889091875 0.6042248625 0.7247727578125 0.6191574625 0.7354722625 0.6266131859375 0.7357149953125 0.6335641421875 0.731263075 0.638939178125 0.713509965625 0.6483338203125 0.7138374671875 0.6577122640625 0.7146442296875 0.6612677421875001 0.7517463265625 0.6608420374999999 0.75580380625 0.644171696875
2 0.68723189375 0.578592453125 0.699024440625 0.6012323421875 0.7066034515624999 0.6009676765624999 0.7206271125 0.5965395453125 0.7230721828125 0.5751814078125 0.7229983140625 0.5730661031250001 0.709067928125 0.56446585625 0.7039970328125 0.563231625 0.6913816546875 0.5636721640625 0.6871820093750001 0.5771639359375 0.68723189375 0.578592453125
2 0.64945725 0.45457518124999996 0.6624498328125 0.45296156718749997 0.66626825625 0.43774945625 0.6600902390625001 0.42092726249999995 0.637812296875 0.421705225 0.6358173781249999 0.43765291875 0.6453151796875 0.46051935312500003 0.64945725 0.45457518124999996
2 0.6498595234375 0.48069571875 0.6205875484375001 0.48256418593749995 0.6044900203125 0.4866060390625 0.598970634375 0.49462813906249997 0.6016517171875 0.5049736593749999 0.6329310125000001 0.5038813625 0.6466812109375 0.4990515515625 0.6529504453125 0.49232862187500004 0.6528571249999999 0.48965624375 0.6506836828125 0.4806669375 0.6498595234375 0.48069571875
2 0.6279462453125 0.764445834375 0.6205603828124999 0.7647037531249999 0.6078451968749999 0.769007421875 0.5992088296875 0.7778054296875 0.5995442718749999 0.787411209375 0.601481046875 0.7942239890625 0.616979675 0.8023764453125001 0.623454090625 0.80106364375 0.647408396875 0.8024005609374999 0.65547343125 0.78843454375 0.6552851453125 0.7830427359375001 0.6279462453125 0.764445834375
2 0.5830139062499999 0.9243735984375 0.5564394296875 0.9349240671875 0.5866842984375 0.9559995656250001 0.6119437796875 0.9445327718750001 0.6199921828125 0.9364414421875 0.6197836031249999 0.9304684906249999 0.6108362515625 0.9128173109375 0.6079334609375 0.912109221875 0.5977902171875 0.9124634328125 0.5830139062499999 0.9243735984375
2 0.2959393375 0.530176725 0.308612303125 0.5348661578125 0.32023469531250004 0.537026284375 0.32331147968749996 0.49947314687500005 0.3232724046875 0.4983542015625 0.2985159359375 0.4992187171875 0.2977485953125 0.4993216546875 0.2910746 0.5165294984375 0.291148378125 0.51864225 0.2959393375 0.530176725