1 0.357958434375 0.9905682468749999 0.3918005515625 0.9832867546875 0.39001749375 0.932226634375 0.3856851296875 0.9323779249999999 0.33679749531250003 0.9444114171875 0.357958434375 0.9905682468749999
1 0.3005783578125 0.9442429734375001 0.3492806109375 0.9297318453125 0.3492162890625 0.9278898906249999 0.30705368593750004 0.8991643890625 0.29516111562499997 0.8995796875 0.26818133906249997 0.9102252500000001 0.3005783578125 0.9442429734375001
1 0.45166623125000005 0.6157239578125 0.4535936953125 0.6156566484375 0.4651135953125 0.57549815625 0.46506115625 0.5739964640624999 0.4222770015625 0.5465867359375001 0.41211906562499995 0.5801616125 0.41217273906249996 0.581698625 0.45166623125000005 0.6157239578125
1 0.3799496765625 0.5205811609375 0.401843153125 0.5276606968750001 0.40214351875 0.5276502078124999 0.43502927812500003 0.5198815546875 0.43370608125 0.48199015312500004 0.3845334421875 0.4837073 0.3799496765625 0.5205811609375
1 0.2640500234375 0.7053892578125 0.2413477125 0.7492440031250001 0.2415137765625 0.7539994671875 0.2703951234375 0.7877212625000001 0.27189534375 0.7876688734374999 0.286608634375 0.7468123656250001 0.2861810484375 0.7345678921875 0.2640500234375 0.7053892578125
1 0.258191309375 0.716498603125 0.2720797046875 0.6889295765625 0.27207843593750003 0.688893259375 0.261631465625 0.652161634375 0.2582377890625 0.65228014375 0.23136975468749998 0.6872060734375001 0.23137027031250001 0.6872208015625 0.258191309375 0.716498603125
1 0.4642128109375 0.53396694375 0.48621156406250005 0.5080936453125 0.486099603125 0.504887478125 0.45916594218749995 0.4920452421875 0.4529356953125 0.49226280781250004 0.42786455625 0.5375821390625 0.4642128109375 0.53396694375
1 0.6936483015625 0.26984871250000003 0.72766503125 0.3013085671875 0.7281446375 0.30129181875 0.7407964312499999 0.2768519109375 0.740754834375 0.2756607671875 0.7181941828125 0.2500453671875 0.7175327203124999 0.25006846562499996 0.6936242140625 0.269158965625 0.6936483015625 0.26984871250000003
1 0.7538841921875 0.301657715625 0.7666759875 0.3123207390625 0.7694966984375 0.3122222375 0.804422325 0.2768672859375 0.7924765046875 0.24289416875 0.7465421875 0.24866683906249998 0.7538841921875 0.301657715625
1 0.7958729953125 0.091496109375 0.8035386375 0.1318713703125 0.83591471875 0.13732627343749998 0.8462590390625 0.118135128125 0.8460989781249999 0.11355154687499999 0.8304009328124999 0.0897817796875 0.8040502249999999 0.0907019671875 0.7958729953125 0.091496109375
1 0.7849010437499999 0.1219214765625 0.8095539984375 0.09678293125000001 0.8094446765625 0.09365234375 0.768529690625 0.0669271328125 0.764962365625 0.06705170625 0.76134760625 0.10397685625 0.7849010437499999 0.1219214765625
2 0.609413365625 0.9902301640625 0.6096594703125 0.99022156875 0.875806790625 0.7820785265625 0.9635044031250001 0.29683228125 0.9635043953125001 0.2968320671875 0.6805033234375 0.2294732265625 0.6797611328125 0.2294991453125 0.609413365625 0.9902301640625