1 0.4950259375 0.5643545921875 0.5130035890625 0.56011935625 0.5204729109375 0.546383359375 0.5203886140625 0.5451778640625 0.513386053125 0.5315027328124999 0.4965638421875 0.5279893234374999 0.46615130000000005 0.549100671875 0.46063755312500004 0.5642727062499999 0.460750665625 0.5658903078125 0.4711719703125 0.5709337328124999 0.4793661734375 0.5703607374999999 0.4950259375 0.5643545921875
1 0.5286589046875 0.6186498171875 0.53003979375 0.6383974484375 0.5331587296875 0.6442285453125 0.5431439640625 0.6551809421875 0.551163478125 0.6546201625 0.5523072578125 0.6540127250000001 0.5550895734375 0.6426949921875 0.5571155015625 0.6280095578125 0.5566417265625 0.621234278125 0.5445445796875 0.6072481203125 0.542285396875 0.6074060984375 0.531374128125 0.6101892265625 0.5286589046875 0.6186498171875
1 0.682972246875 0.9680641828125 0.70595110625 0.9664573437499999 0.706726725 0.9546614218749999 0.7065748703125 0.9524897921875001 0.69335279375 0.9386268796874999 0.6747571437500001 0.9367491765624999 0.672127709375 0.945598996875 0.6730569765625 0.9588881312499999 0.67405480625 0.963124278125 0.682972246875 0.9680641828125
1 0.8920902343750001 0.6765236765625 0.8976809343750001 0.67894508125 0.9104753046875 0.6780504125 0.9158544687499999 0.675656453125 0.9157771125 0.6588892484375 0.9028974234374999 0.6493675296875 0.89211550625 0.650121475 0.88854284375 0.651347290625 0.88696964375 0.6580785859375 0.8877447125 0.6691626015625001 0.8920902343750001 0.6765236765625
1 0.7180872609375 0.457248609375 0.7277599515625 0.46057874062500004 0.7317927359375 0.46029674062500003 0.7342967671875 0.4461393921875 0.73336519375 0.4328172796875 0.7321403484375 0.419718275 0.718436971875 0.41114233906250003 0.70795195 0.4157448046875 0.7083738578125 0.4335727625 0.7088398609375 0.4402369046875 0.7180872609375 0.457248609375
1 0.13746741093749998 0.758731753125 0.15089277343750002 0.757792959375 0.1600335125 0.7492134312500001 0.15735531875 0.727948834375 0.1481172328125 0.7150881171875 0.1375588328125 0.717415434375 0.1307555921875 0.727309875 0.1298336859375 0.7390157 0.13037189531249999 0.7467124578125001 0.13746741093749998 0.758731753125
1 0.3331118265625 0.8969835625 0.337025759375 0.8967098734375 0.3453594328125 0.8911232375000001 0.330191871875 0.851388490625 0.319664428125 0.8516707875 0.3116294765625 0.8522326453125 0.31029195 0.8557600781250001 0.3114697359375 0.872603215625 0.3180275515625 0.890375753125 0.3331118265625 0.8969835625
1 0.4513991953125 0.8887121046875001 0.45457539843749994 0.8884900015625 0.46533460781249997 0.869288609375 0.46663960781249997 0.8453619421875 0.455859278125 0.8425854968750001 0.454119503125 0.8427071546875 0.446818634375 0.8515150312499999 0.44468981249999995 0.8737939046875001 0.44567290625 0.8878528203125 0.4513991953125 0.8887121046875001
1 0.5081735078125 0.8856788578125 0.5165666015625 0.8919867328125 0.52780823125 0.891200640625 0.53150828125 0.8902568671875001 0.5393525171875 0.8667728531250001 0.5385703140625 0.8555868421874999 0.5271738375 0.8532618515625 0.5201048703125 0.8537561625000001 0.5089230265625 0.8568775687500001 0.5072631624999999 0.87266031875 0.5081735078125 0.8856788578125
1 0.212655009375 0.9581212390625 0.22585780312499998 0.9671361125000001 0.2321723359375 0.9666945578125 0.23782595781250002 0.960333684375 0.2381062703125 0.956448278125 0.2370943078125 0.9419765328124999 0.22829603281250002 0.9347811374999999 0.2183148109375 0.92832845625 0.2006280703125 0.9226464421875 0.2018259796875 0.93977734375 0.212655009375 0.9581212390625
1 0.1529583953125 0.890519621875 0.1410756796875 0.8746241359375 0.1142797703125 0.8663723140625 0.1034541421875 0.8769558156249999 0.1035032875 0.8776586156249999 0.1247521375 0.8990229671875 0.1343206671875 0.8983538703124999 0.1530039359375 0.891170884375 0.1529583953125 0.890519621875
1 0.048568509375 0.8984314515625 0.0624825859375 0.909642540625 0.0627132125 0.9096264140624999 0.0861423984375 0.8977267140625 0.095637503125 0.8779730109375 0.0955322046875 0.8764671796875 0.0839679296875 0.85980333125 0.06311485156249999 0.8580223015625 0.048051182812499996 0.87258233125 0.0480446875 0.8909404562500001 0.048568509375 0.8984314515625