1 0.5427144359375 0.08125 0.5420289203124999 0.08125 0.5190660359375 0.11161034218749999 0.5387337703124999 0.1453125 0.5391264875 0.1453125 0.5590589640625 0.1219287890625 0.5590589640625 0.0905882125 0.5427144359375 0.08125
1 0.3144609546875 0.9078125 0.30967745 0.9301291921875 0.3413415015625 0.9433574484375 0.34969755 0.9166224968750001 0.34639332500000003 0.9078125 0.3144609546875 0.9078125
1 0.944321790625 0.52288053125 0.950974475 0.523046875 0.9779737796875001 0.523046875 0.9810823328125 0.5141311515625 0.9899940265625 0.498648040625 0.9776601843750001 0.49375 0.9565735578125001 0.49375 0.940625 0.496637709375 0.940625 0.5056877171874999 0.944321790625 0.52288053125
1 0.9250018609374999 0.6694375015625 0.9283437171875001 0.6510542625 0.91329771875 0.6390625 0.9010106562500001 0.6390625 0.8864311234375 0.6424560500000001 0.884375 0.6535562374999999 0.884375 0.6631998875 0.904950640625 0.6686018734375 0.9250018609374999 0.6694375015625
1 0.8839979093749999 0.6465862484375 0.8552619437500001 0.64375 0.8414289937499999 0.64375 0.8394395875 0.6549422375 0.847237290625 0.670818765625 0.8817699265625001 0.67165428125 0.8839979093749999 0.6465862484375
1 0.6609375 0.840547496875 0.66991501875 0.8644836453125 0.6807778359375 0.89790236875 0.6941474796875 0.905700071875 0.703125 0.8904679640625 0.703125 0.8888678750000001 0.6983255046875 0.8611418265624999 0.6823103640625 0.8375 0.6702293125 0.8375 0.6609375 0.839920875 0.6609375 0.840547496875
1 0.5401799578125 0.2377667390625 0.5390625 0.250751303125 0.5390625 0.264179540625 0.55825254375 0.2861698734375 0.5867655609375 0.2861698734375 0.5965843109375 0.2824895703125 0.610685334375 0.273544953125 0.6121514390625 0.260356534375 0.6121514390625 0.2511296625 0.608515971875 0.2361404140625 0.5989516328125 0.2296875 0.5628124921875 0.2296875 0.5401799578125 0.2377667390625
1 0.6140625 0.42900849531249996 0.6166316078125 0.4358626265625 0.6312681328124999 0.43694734999999996 0.6369601671875 0.43152385937500004 0.646875 0.4010022734375 0.646875 0.39863290625 0.646508771875 0.3984375 0.639923834375 0.3984375 0.6174447375 0.40874517499999996 0.6140625 0.4240851765625 0.6140625 0.42900849531249996
1 0.48639733906249993 0.143422246875 0.48964985937499994 0.1304059015625 0.4880236 0.12172828437500001 0.47263394999999997 0.1203125 0.4565334734375 0.1203125 0.453125 0.1206372609375 0.453125 0.143974228125 0.4652555875 0.14776105625 0.48639733906249993 0.143422246875
1 0.8417225828125 0.7322303671875 0.8478824453125 0.72489336875 0.8448529734375001 0.7046875 0.8343245593749999 0.7046875 0.828367015625 0.7064535249999999 0.815625 0.712452584375 0.815625 0.7293753125 0.8316195984375 0.7379097671875 0.8417225828125 0.7322303671875
1 0.03633175 0.575 0.0413727265625 0.5548270078125 0.0341439203125 0.5297553765624999 0.0333806546875 0.5296875 0.022460728125000003 0.5296875 0.0160719046875 0.5365054328125 0.0140625 0.54722728125 0.0140625 0.5587886921874999 0.01968630625 0.5692913984375 0.036090803125 0.575 0.03633175 0.575