1 0.419066278125 0.3307397796875 0.4129931 0.323418434375 0.3937663828125 0.32274702187500004 0.3912136515625 0.33572697812499996 0.39046811406250004 0.3570763765625 0.3980722859375 0.366243425 0.4081339078125 0.36659478437500004 0.41560304375 0.3666001375 0.42078961562500006 0.350631990625 0.42110164218749996 0.34169669687500004 0.419066278125 0.3307397796875
1 0.39271530625 0.5369032984375 0.39442986874999997 0.5212181828125 0.388550821875 0.5037673703125 0.383976478125 0.499627925 0.38330719687500003 0.4850121890625 0.3764572515625 0.4831781734375 0.3750859109375 0.48313028437499994 0.361431946875 0.48645924999999995 0.35648749999999996 0.4929194734375 0.36111115 0.5125374093749999 0.3621660484375 0.5161117671875 0.37336274999999997 0.533306125 0.3797506859375 0.536182309375 0.38760364375 0.5367247953125001 0.39271530625 0.5369032984375
1 0.3434018125 0.40772034375 0.3427684546875 0.40695601875 0.3125294390625 0.4059000484375 0.3098054796875 0.406989353125 0.3017765328125 0.41732156875 0.2958983984375 0.43487781875 0.2955545140625 0.4447253546875 0.30655504375 0.44510950156250007 0.310897365625 0.44328725156250004 0.316369253125 0.4386141890625 0.3253605625 0.4345062484375 0.339777509375 0.4270502890625 0.344929428125 0.41872680625 0.3450239984375 0.4160186875 0.3434018125 0.40772034375
1 0.719162540625 0.5958512 0.7110385609375001 0.5878993625 0.707738440625 0.586990459375 0.68612394375 0.5862356640625 0.6838468609375 0.5912068171875 0.6836225203125 0.59763109375 0.695455915625 0.6162581921875 0.7139944046875 0.6298823812500001 0.7239370796875 0.623741215625 0.723943721875 0.623718096875 0.7245012187500001 0.6077534546875001 0.719162540625 0.5958512
1 0.052659318749999996 0.8094672718749999 0.06402254375000001 0.8007024421875 0.0676015125 0.793989415625 0.06814903125 0.7783105031249999 0.0630386296875 0.7613129640625 0.0431621703125 0.756196940625 0.025287490625 0.761321240625 0.018235790625 0.77349425625 0.017625129687499998 0.790981275 0.019355975 0.7960473 0.0300096484375 0.808676328125 0.052659318749999996 0.8094672718749999
1 0.24815817187500003 0.6651119984375 0.2607614625 0.658919228125 0.2710281296875 0.6545835015625 0.27138256250000004 0.6444339078125 0.258599653125 0.638534640625 0.241301559375 0.637930578125 0.2259991671875 0.640902009375 0.21172102499999998 0.644383109375 0.196375640625 0.6615349375 0.19423808125 0.6720729171875 0.1964917578125 0.67388864375 0.1969147765625 0.673903415625 0.22843896562500002 0.6723828671875001 0.24815817187500003 0.6651119984375
1 0.6803268484375 0.5743707609375 0.680369615625 0.5731460703125 0.6734455546875 0.559686265625 0.6637849421875 0.549178503125 0.653974115625 0.542899753125 0.623998346875 0.5418529750000001 0.625987475 0.550511734375 0.62800478125 0.5603104 0.634207640625 0.5684864843749999 0.6404260125000001 0.5762208921875 0.6519311734375 0.5845821421874999 0.6634209109375 0.5933850359374999 0.6728934125 0.59238923125 0.6803268484375 0.5743707609375
2 0.8472631015625 0.3086604953125 0.8405046765625 0.3349179703125 0.833773428125 0.36039712968750004 0.832307615625 0.3689173375 0.837775946875 0.3628744921875 0.8736102984375 0.3571129328125 0.8920502234375001 0.347627028125 0.9159041218749999 0.3336548828125 0.9300297484375 0.3138884515625 0.9323056234375 0.2982126984375 0.9330536671875 0.27679155624999996 0.9226116734375 0.24194129062499997 0.9031425671875001 0.21398875 0.9154653796875 0.162211371875 0.9200803328125 0.1304245625 0.9109055171874999 0.128176390625 0.877413434375 0.127006821875 0.8684931703125001 0.13563608437500002 0.8683554953125 0.1730337484375 0.8606874625 0.20861009218749998 0.8469966796874999 0.21592418906250002 0.8399537390624999 0.2336002421875 0.87042224375 0.2533406171875 0.8774414203124999 0.2862771734375 0.8472631015625 0.3086604953125
1 0.8074397062499999 0.6055911296875001 0.788353784375 0.5851152515625 0.7657895078125 0.584327290625 0.7500551109375 0.610522721875 0.749675040625 0.6214065359375 0.77166449375 0.6415472265625 0.7804349390625 0.650329028125 0.7850152140625 0.6464571609374999 0.8029114015625 0.6305304390625001 0.80724498125 0.6111673421875 0.8074397062499999 0.6055911296875001
1 0.8752751359375001 0.9463809796874999 0.8752641000000001 0.9447382890625 0.8585120906249999 0.9315247640625 0.8264033046874999 0.9304035015625001 0.81046758125 0.9596859703125 0.810331303125 0.9635884953125 0.8255669859375001 0.9902238671875001 0.828969846875 0.99266914375 0.8455973406249999 0.9932497890624999 0.8583737328125001 0.986526303125 0.8745353937499999 0.9675644468750001 0.8752751359375001 0.9463809796874999
1 0.118676034375 0.50456191875 0.12238686406249999 0.502269915625 0.12980794375 0.49008710000000005 0.1316172484375 0.4382754234375 0.1239521125 0.405460946875 0.1043867578125 0.39237773593749997 0.08993289374999999 0.391872996875 0.0724867703125 0.397609759375 0.061651131250000005 0.418972084375 0.060607328125000005 0.4488627125 0.060655915625 0.45047161406249997 0.06883513125 0.4761839375 0.10973666875000002 0.5006173734375 0.1159561890625 0.504466940625 0.118676034375 0.50456191875