1 0.391435021875 0.10191202656250001 0.38498525156249996 0.1033905046875 0.3809055109375 0.1046349234375 0.379370415625 0.1188778578125 0.3795198453125 0.1210148015625 0.3839541296875 0.13274584218750002 0.3958816125 0.132425525 0.39900250000000004 0.1327401921875 0.41185135781250004 0.1318417125 0.41986993124999994 0.1281793953125 0.4271391453125 0.1163688046875 0.42659545000000004 0.1004298140625 0.4263097828125 0.0963445859375 0.40423338124999997 0.09788831718749999 0.391435021875 0.10191202656250001
1 0.49820924218749996 0.08800424375 0.492390171875 0.09998276874999999 0.49486908906249993 0.1354329484375 0.5030064921874999 0.1400703109375 0.51957296875 0.13993937343750001 0.5338543062500001 0.129179646875 0.5351027265625 0.12498240625000001 0.5334871625 0.118416775 0.5297101671875 0.0919663546875 0.5197420734375 0.0757143234375 0.5122085453125 0.0762411203125 0.5056214359375 0.07823858593750001 0.49820924218749996 0.08800424375
1 0.4814647328125 0.05573848906249999 0.4833975578125 0.0597816890625 0.4952759890625 0.0648946359375 0.5109447640625 0.06379896874999999 0.5193944984375001 0.061888171874999995 0.533542465625 0.054733978125000006 0.5368683843750001 0.04165789375 0.52990846875 0.0303285296875 0.523835109375 0.025306015625 0.5003461812500001 0.026948521875 0.49325156562499994 0.029809395312499997 0.48380445781250003 0.032524971875 0.4806417625 0.0439694765625 0.4814647328125 0.05573848906249999
1 0.49663915468750003 0.1831454234375 0.4978518546875 0.20048782968749998 0.502819884375 0.20498974374999998 0.516836390625 0.2144175796875 0.515034446875 0.2106887828125 0.529645803125 0.20658321875 0.5373444234375 0.191782115625 0.5364592234375001 0.179123178125 0.5298967359375 0.16609025625 0.5055181109375 0.17010783437500002 0.4979015765625 0.178735540625 0.49663915468750003 0.1831454234375
1 0.53903659375 0.2518725234375 0.54047650625 0.27246423750000004 0.542864221875 0.2829024328125 0.5472103859375 0.29544203125 0.55231413125 0.30227747968749996 0.5683278984375 0.3052676296875 0.575899578125 0.28675724375 0.57505805 0.2636977671875 0.5615422718749999 0.2403871234375 0.5467134328125 0.24142405781249998 0.5403617609375 0.24711557968750003 0.53903659375 0.2518725234375
1 0.6726456328125 0 0.669416709375 0.0108557140625 0.6696873171875 0.014725575 0.6726638375 0.025827515625000002 0.6856802546874999 0.030054726562500002 0.6956182390625 0.028846062500000002 0.708625015625 0.027422806249999997 0.7156632703125 0.0233344765625 0.7121493171875 0 0.6726456328125 0
1 0.8559983250000001 0.042803103125000005 0.8542287984374999 0.043397809375 0.8523586218749999 0.051121137500000004 0.853322728125 0.06490850468750001 0.8584609171875 0.0708438703125 0.8668026125000001 0.074370484375 0.8740910843749999 0.07386082499999999 0.88434115625 0.0716028515625 0.8918083890625 0.0736493953125 0.8948297875 0.06253408906249999 0.894430140625 0.056818873437499993 0.88928945625 0.048652239062500005 0.8788834187499999 0.041202821875000004 0.8559983250000001 0.042803103125000005
1 0.7341386375 0.0628475734375 0.738791725 0.067288315625 0.75045211875 0.0691841703125 0.7533549578125001 0.068981184375 0.7599865718750001 0.06663263124999999 0.76526725625 0.0489972828125 0.7628090953125 0.035222690625000004 0.74168078125 0.036700125 0.7341402718750001 0.039357843749999996 0.7331292578124999 0.04841275625 0.7341386375 0.0628475734375
1 0.08413410625 0.1974780359375 0.0845325828125 0.20317652343749998 0.087607128125 0.21019463593749999 0.095116115625 0.2071354859375 0.10435836875 0.207002896875 0.1127976734375 0.20641276249999999 0.12690725625 0.2029089140625 0.1259658125 0.1894456390625 0.1108768265625 0.184456221875 0.1012867203125 0.185126828125 0.0894307375 0.1864696515625 0.08413410625 0.1974780359375
1 0.195352815625 0.1008467765625 0.199335459375 0.09902635625 0.18760205624999998 0.1091838265625 0.1877216234375 0.1108937140625 0.1942435078125 0.129064384375 0.1961007484375 0.1262361515625 0.21873261562500002 0.11193273906250001 0.22029632187499998 0.0975606296875 0.22487358125 0.082207603125 0.22487350625000002 0.082206525 0.2217773859375 0.079320575 0.21318773281249997 0.079921221875 0.20582219375 0.088935759375 0.195352815625 0.1008467765625
1 0.051817375 0.2744642453125 0.051110984375 0.27462844531249997 0.0475966875 0.2794979 0.0421457875 0.2874946265625 0.041263503125 0.30117919843749996 0.0421752078125 0.31421719531250003 0.045550935937499995 0.3274188421875 0.05450035625000001 0.3396365515625 0.0615839765625 0.34170991875 0.0742236359375 0.3295237125 0.077175590625 0.32212495625000004 0.079796153125 0.304474559375 0.07697475000000001 0.286177159375 0.07162076875 0.2757629625 0.064420815625 0.2735829265625 0.051817375 0.2744642453125
1 0.9555990015625 0.085960440625 0.9580253296875 0.085790775 0.9714158375 0.076423271875 0.9700051609375 0.056249665625 0.9599908828125001 0.0513984921875 0.9507731390625 0.051838957812499996 0.9394692171875001 0.052629404687500006 0.9307794640625 0.060609737500000004 0.9291508890625 0.0714764703125 0.9333708765625 0.08059014375 0.9426580828125 0.085317153125 0.9555990015625 0.085960440625
1 0.058930971875 0.14055858593749998 0.0602166421875 0.1247874265625 0.051241210937500004 0.124518975 0.048563817187500004 0.12432547187500001 0.037466167187499996 0.1251014953125 0.029647603124999998 0.13506408281249999 0.030971723437499998 0.1539998875 0.04116164375 0.1682352453125 0.058930971875 0.14055858593749998
1 0.43961103437500004 0.20739224531249997 0.453646221875 0.1814464609375 0.44395883906250005 0.1624620078125 0.42868553125000003 0.16353002187500001 0.4223420796875 0.16811853906250002 0.4201555359375 0.18694709375000002 0.421523571875 0.20651092656249997 0.4321709 0.207912509375 0.43961103437500004 0.20739224531249997
1 0.029193124999999997 0.0764989296875 0.0259710109375 0.0824863640625 0.026516293749999996 0.09028427812499999 0.028773512499999997 0.107896709375 0.0355920515625 0.1056772 0.04638414375 0.0979517890625 0.0486395 0.087578934375 0.0485933765625 0.0869193296875 0.04623015625 0.07705029531249999 0.0418773546875 0.071538309375 0.034736003125 0.07203768125 0.0303730796875 0.0746737078125 0.029193124999999997 0.0764989296875