2 0.4835206046875 0.8773675046875 0.49825321562499997 0.861777003125 0.4982466171875 0.8615880578124999 0.49225899687499997 0.8586445625 0.486755340625 0.848535475 0.46525311562500005 0.847354859375 0.4610764234375 0.8628314390625 0.46115277656250003 0.8650179093749999 0.4652490375 0.8718205390625 0.48044049375000003 0.8774750640625 0.4835206046875 0.8773675046875
2 0.3198982265625 0.7133729796875 0.3073699578125 0.7033713296874999 0.300976040625 0.70253383125 0.2926765515625 0.70282365625 0.2899357953125 0.707775496875 0.29066515625 0.72866168125 0.30147084375 0.733734865625 0.3040774515625 0.733643840625 0.3255371453125 0.750293028125 0.3309526390625 0.755903440625 0.34382385625 0.7508143453125 0.34489405156249997 0.7453059109375 0.34448756875000003 0.733665790625 0.3351140140625 0.7256005890624999 0.3218786984375 0.72026325 0.3198982265625 0.7133729796875
2 0.46815154999999997 0.35684443125 0.45518011718749996 0.38397522031250003 0.4553630875 0.41412636249999996 0.47244069062499994 0.4321704859375 0.4748440140625 0.4320865609375 0.48866331093750004 0.42108282812500003 0.4678297515625 0.3974523453125 0.46619222968749996 0.37547132968749997 0.47821388281250005 0.34605389999999997 0.4950864984375 0.3559038421875 0.4951867140625 0.33386214375 0.48548663437500006 0.30520325000000004 0.486881425 0.3202333109375 0.46685697499999995 0.319772675 0.46815154999999997 0.35684443125
2 0.5019116640625 0.5747760125 0.5223195171875 0.561304396875 0.518479940625 0.5509993328125 0.5018905124999999 0.5492588390625001 0.49279726406249996 0.5379773296875 0.48665542031250003 0.561389909375 0.4949202546875 0.5738602515625 0.5019116640625 0.5747760125
2 0.25870672968749997 0.1299600265625 0.25177156875 0.11350572968749999 0.24369669374999997 0.1137877109375 0.22402267656250002 0.118641884375 0.224120334375 0.1214384515625 0.2379200125 0.14025513125 0.2488015671875 0.15292407187499998 0.2620304484375 0.16638097031250002 0.275198646875 0.1781001296875 0.28779035468749997 0.173310775 0.30272939062500004 0.169309375 0.309007315625 0.1830090078125 0.326657778125 0.190222 0.32324298281249997 0.19208110312499999 0.2967493671875 0.1973559265625 0.2879365515625 0.21071260781249998 0.29671359218750004 0.23193129375 0.31486881875 0.2312972984375 0.32359610625 0.2277358546875 0.3398150015625 0.227169478125 0.34057905312500003 0.21583372343749999 0.3411610546875 0.19928475 0.355887696875 0.18920126875 0.3624442109375 0.177663234375 0.32942993593750003 0.1622874703125 0.3083646828125 0.1569335828125 0.285807178125 0.14206259062499998 0.25870672968749997 0.1299600265625
2 0.2265089046875 0.360379615625 0.228672346875 0.39742103125 0.2409174296875 0.39931323281250003 0.24978725000000002 0.3792851046875 0.2548386421875 0.374469084375 0.26178959687500003 0.3742263515625 0.2699735203125 0.384379709375 0.284582475 0.37922993437499997 0.2899768203125 0.35932317187499996 0.2826218609375 0.3405940640625 0.2771514 0.340785096875 0.2659105171875 0.342765009375 0.2569193296875 0.3593176609375 0.2428556015625 0.35516915312499997 0.2265089046875 0.360379615625
2 0.30897156875 0.40406471093749996 0.287916428125 0.3990004484375 0.276909625 0.42429761875 0.276959509375 0.42572613437499995 0.28206145625 0.438818675 0.29496761718750003 0.43836798281249995 0.2996778890625 0.436866596875 0.31297441875 0.4273155671875 0.31290055156249996 0.4252002640625 0.30897156875 0.40406471093749996
2 0.33674194375 0.5706713953125 0.3398236015625 0.5790624765625 0.3615048765625 0.57714544375 0.3635091046875 0.5611233343750001 0.363494828125 0.560714471875 0.3546765515625 0.5394840296875001 0.3529496328125 0.5395443359375001 0.3499052359375 0.5439132640625 0.336912653125 0.5455268796875 0.3359919640625 0.549194784375 0.33674194375 0.5706713953125
2 0.40163208125 0.5066501921875 0.3955665453125 0.4990326453125 0.3792262859375 0.49612354375 0.349075140625 0.496306515625 0.347152596875 0.5076827296875 0.3543462859375 0.51439095 0.3683999 0.51824983125 0.39967919531249996 0.5171575328125 0.40163208125 0.5066501921875
2 0.3796623609375 0.24310572968750002 0.3866035796875 0.2352687125 0.3913988046875 0.2169894265625 0.368823246875 0.1883266953125 0.364859778125 0.188465103125 0.35053199375 0.198131275 0.353536621875 0.2219339703125 0.3526786515625 0.228484190625 0.3618923765625 0.24337637812500001 0.36331992031250004 0.2436764203125 0.3796623609375 0.24310572968750002
2 0.4240568015625 0.08963263437499999 0.43373365 0.0636348015625 0.410599715625 0.034933759375 0.40192868906249996 0.062179462500000005 0.389941115625 0.0793825 0.3900917046875 0.0836947921875 0.3923413390625 0.0907401625 0.4066141671875 0.096763478125 0.4181775890625 0.0963596734375 0.4240568015625 0.08963263437499999
2 0.7118204109375 0.49134774531250003 0.712841309375 0.4753022484375 0.71249756875 0.4654588421875 0.674105234375 0.47132263124999996 0.674342603125 0.47811998281249996 0.6756046765625 0.4829899609375 0.6811667078125 0.4953049359375 0.685201978125 0.496659509375 0.7017605109375 0.49608127187499995 0.7118204109375 0.49134774531250003