1 0.63046875 0.365625 0.053125 0.0546875
1 0.59296875 0.471875 0.0640625 0.0640625
2 0.521875 0.42734375 0.053125 0.0546875
1 0.55 0.790625 0.034375 0.0359375
1 0.7125 0.7546875 0.0515625 0.05
1 0.8109375 0.4625 0.0484375 0.0234375
1 0.66640625 0.45 0.040625 0.040625
1 0.746875 0.40625 0.0359375 0.0375
1 0.8046875 0.34375 0.03125 0.0296875
1 0.85859375 0.453125 0.028125 0.0265625
1 0.12109375 0.3671875 0.0578125 0.040625
1 0.47890625 0.7 0.0484375 0.046875
1 0.2703125 0.6046875 0.040625 0.0390625
1 0.61328125 0.0953125 0.0265625 0.0265625
2 0.4828125 0.46953125 0.0421875 0.0328125
2 0.0703125 0.5140625 0.0546875 0.05625
2 0.176376509375 0.276462471875 0.1736692796875 0.2596078 0.146650446875 0.21430275000000001 0.130319403125 0.143958578125 0.0984849046875 0.0903256125 0.095510890625 0.0904294671875 0.07953356406249999 0.1133580625 0.0816562453125 0.1410330765625 0.08509497031249999 0.173286990625 0.0666181453125 0.173932215625 0.040648995312500005 0.191796875 0.02840439375 0.23847303437499998 0.055502690625 0.252942940625 0.1242276640625 0.26750080781249996 0.1767340859375 0.28670209375 0.176376509375 0.276462471875