1 0.5517346890625 0.22394065156249998 0.5293508874999999 0.21389102968749998 0.5071232984375 0.22822165156250002 0.5066329203125 0.243355246875 0.5183698015625 0.268467084375 0.5397925765625 0.2669690578125 0.5467771203125 0.263777765625 0.5549021640625 0.25476720468749997 0.552979278125 0.22726866562499998 0.5517346890625 0.22394065156249998
1 0.511839078125 0.35291981250000004 0.501969059375 0.353455184375 0.49330112656249997 0.35406130468749997 0.4888787109375 0.37891652656249997 0.5037544578125 0.3885290640625 0.50740175625 0.3882740203125 0.5229824875 0.3806777875 0.5223094749999999 0.3710532578125 0.5181652125 0.35480040625 0.511839078125 0.35291981250000004
1 0.653433584375 0.34338306875 0.6433298515625 0.344089590625 0.6430326359375 0.34414651875 0.618288640625 0.3667835015625 0.6223407 0.380437965625 0.6509236484375001 0.3845032546875 0.661409953125 0.3837699796875 0.6702118875 0.380616953125 0.66944256875 0.369615190625 0.665739659375 0.3588194328125 0.653433584375 0.34338306875
1 0.48926965625 0.013626228125 0.4878656421875 0.0137244078125 0.47361730468749996 0.06543165625 0.4973567109375 0.0804122921875 0.50083555 0.080169028125 0.517394453125 0.0767716203125 0.5133791984375 0.019350810937499997 0.5133656953125 0.019290053125 0.48926965625 0.013626228125
1 0.7906410828125 0.1214024625 0.778064271875 0.1408656484375 0.7999569921874999 0.15166503125 0.8124284812499999 0.15079294062499998 0.83231379375 0.1452557765625 0.83227955 0.1447660796875 0.8187851828125 0.125241875 0.7906410828125 0.1214024625
1 0.7171603890625 0.115460609375 0.699089984375 0.1283390921875 0.7024092609375 0.15365962187499999 0.7165411703125 0.160630665625 0.7169569578125 0.16060159062499998 0.7252026171875 0.147419834375 0.73247605 0.1286688734375 0.732329825 0.12657776406250001 0.7171603890625 0.115460609375
1 0.6994868421875 0.5079886328125001 0.6982911484375001 0.5171750609375 0.69894598125 0.526539609375 0.72419235 0.5234427734375 0.73703255625 0.507420925 0.736675875 0.5023201265624999 0.7180126828125 0.4944258953125 0.7155987500000001 0.49459469531250005 0.7033628140625 0.501990315625 0.6994868421875 0.5079886328125001
1 0.7546875 0.83359375 0.0390625 0.0265625
1 0.76796875 0.90625 0.04375 0.0390625
1 0.71953125 0.93125 0.0296875 0.0328125
1 0.51875 0.83125 0.0515625 0.0296875
1 0.89140625 0.1390625 0.03125 0.0453125
1 0.4515625 0.09140625 0.0453125 0.04375
1 0.58515625 0.82265625 0.04375 0.046875
1 0.9015625 0.603125 0.05625 0.05625
1 0.278125 0.1578125 0.0390625 0.0359375
1 0.41484375 0.45859375 0.0421875 0.04375
1 0.17109375 0.12265625 0.0375 0.046875
1 0.24140625 0.10625 0.04375 0.034375
1 0.3109375 0.94375 0.040625 0.0375
1 0.396875 0.73359375 0.0390625 0.0390625
1 0.6578125 0.74453125 0.0296875 0.0296875
1 0.72109375 0.58359375 0.0640625 0.0546875
1 0.896875 0.78828125 0.034375 0.0328125
1 0.884375 0.85390625 0.034375 0.0328125
1 0.856494328125 0.9324356046875 0.8597598390625001 0.9322072578125 0.8734876437500001 0.927411921875 0.8733432828125001 0.904871009375 0.8761720796875 0.88445526875 0.876156675 0.88423495625 0.8564793984374999 0.8684652203125 0.8341530546874999 0.861947346875 0.8310826859375 0.8621620484375001 0.8246845890625 0.864245384375 0.81098813125 0.8930542656249999 0.8109956609375001 0.89316194375 0.8201009734375001 0.9010770656249999 0.8267718281249999 0.9145707484375001 0.839216690625 0.9287345140625 0.856494328125 0.9324356046875
1 0.7875612000000001 0.39424231718749997 0.7912622359375 0.386967271875 0.7912500312499999 0.38679273125 0.7836578578125 0.3844925515625 0.7731708046875 0.3880895859375 0.7663878078125 0.39858648125 0.7540897656250001 0.422355446875 0.75068165 0.43381978437499996 0.7506996109374999 0.434076640625 0.7686409828125 0.43892427500000003 0.7788987609375 0.43820698125 0.7840114484375 0.42026311875 0.7875612000000001 0.39424231718749997
1 0.7647856859375 0.7438221796875 0.7494874125 0.7472223484375 0.7335348078124999 0.7634856 0.728112184375 0.7886418703125 0.7291097578125 0.802907846875 0.72936310625 0.8050560390625 0.7543932421874999 0.8033057625 0.7611096125000001 0.8023397203125 0.77366745625 0.7849314828125 0.7722527515625 0.7647002671875 0.7647856859375 0.7438221796875