1 0.47302817968750005 0.5670318265625001 0.4743749828125 0.5671260046875 0.506977775 0.55068066875 0.5147026593749999 0.5361350765624999 0.5147896375000001 0.5348912296874999 0.5027430328125 0.526819175 0.501446821875 0.526728534375 0.48050707968750006 0.531556625 0.4621149546875 0.5332486375000001 0.4529535875 0.54561310625 0.45283308125 0.5473364296875001 0.457753546875 0.5615335390625 0.47302817968750005 0.5670318265625001
1 0.49839618437500005 0.6349324000000001 0.49806804375 0.6396250375 0.5114089421875 0.651164075 0.5195164859375 0.6517310109375 0.5331458140625001 0.649850778125 0.544463546875 0.6470684624999999 0.5481235171875001 0.6401768875 0.53467936875 0.627919934375 0.525581696875 0.6230537765624999 0.5128313421875 0.6222228296875 0.5006400453125 0.6261353328125 0.49839618437500005 0.6349324000000001
1 0.6099100796875 0.968176225 0.6075593734375 0.9777712218750001 0.60691454375 0.9869927078125 0.61778135 0.9919559015624999 0.631483309375 0.9906957828125 0.6401236359375 0.9792233078124999 0.6404141875 0.9773390125000001 0.64162153125 0.9600731796875 0.6276498671875 0.9571640234375 0.6254782375 0.9570121687500001 0.6099100796875 0.968176225
1 0.89072465625 0.7230658062499999 0.885936165625 0.71200981875 0.8744909249999999 0.7052532593749999 0.8613482156250001 0.7083249031250001 0.860200471875 0.72473840625 0.867036803125 0.7339856703125001 0.88529659375 0.73526251875 0.89072465625 0.7230658062499999
1 0.702262525 0.47462852812499995 0.71591709375 0.4790731390625 0.72923920625 0.48000471093749997 0.7423811984375 0.4806148140625 0.752780815625 0.4682383375 0.749682375 0.457214815625 0.7316065921875 0.4551092078125 0.72534305 0.4546712171875 0.7071719187500001 0.4614752765625 0.7025475875 0.470551959375 0.702262525 0.47462852812499995
1 0.09933914687499999 0.697076521875 0.108879571875 0.7060312 0.1214899 0.706913 0.12862579999999998 0.694825296875 0.12928584375000002 0.68538624375 0.12847066406250002 0.6750355531250001 0.12166742187499999 0.6651411125 0.1111090234375 0.6628137953125 0.10187093750000001 0.6756745125 0.0995435015625 0.6941541265625 0.09933914687499999 0.697076521875
1 0.3005925234375 0.8429320515625 0.30067909375 0.8416940281249999 0.295663215625 0.8313351125 0.2542042484375 0.8408250562499999 0.2530186609375 0.8512893359374999 0.2524568015625 0.8593242875 0.2542266328125 0.8602958796875001 0.2751716203125 0.8617604953125 0.29111914375 0.8582969734375 0.3005925234375 0.8429320515625
1 0.4043829453125 0.8770610937500001 0.41056030625 0.8714313328125 0.4189754921875 0.836266665625 0.4084722890625 0.833148675 0.394698134375 0.8512538015625 0.3935983421875 0.8568481625000001 0.3922816953125 0.875677078125 0.393849153125 0.8763244984374999 0.4043829453125 0.8770610937500001
1 0.45403569218750006 0.8885279718750001 0.458962315625 0.890275546875 0.47593440156250005 0.8914623515625 0.48166358281250005 0.8906982156250001 0.4882245765625 0.864390746875 0.48824441093750004 0.8641071046875 0.4777141171875 0.8536036515625 0.47424751406250004 0.8533612421875001 0.463943628125 0.8545005015625 0.4551851546875 0.8720898937499999 0.45403569218750006 0.8885279718750001
1 0.15229853124999998 0.8881723906250001 0.1428056328125 0.9042529406250001 0.14150187187500002 0.9228975921875 0.14240773281250002 0.9229609359375001 0.1579583328125 0.9179651734375 0.1679395546875 0.9115124921875 0.17867930781250002 0.90272931875 0.1774694796875 0.8859599453125 0.171004821875 0.8786865765625 0.166638234375 0.878381234375 0.15229853124999998 0.8881723906250001
1 0.07726105 0.8089202312499999 0.053846835937500004 0.8324617156249999 0.0537976921875 0.8331645140624999 0.0646233203125 0.843748015625 0.091419228125 0.8354961953125001 0.1033019453125 0.819600709375 0.10334748593750001 0.818949446875 0.07726105 0.8089202312499999
1 0.000110965625 0.81694304375 0.0078820796875 0.8331101406249999 0.0270460875 0.842843553125 0.033675171875 0.843307103125 0.0455155171875 0.8337669 0.045980074999999995 0.8271234140624999 0.0459732953125 0.8079657593749999 0.032631378125 0.7950699140624999 0.020971198437499998 0.7942545546875001 0.010056546874999999 0.7951867578125 0.000688346875 0.8086861187500001 0.000110965625 0.81694304375