1 0.4139073328125 0.531538478125 0.41189458593749995 0.5340556000000001 0.4065686390625 0.53473665625 0.415915575 0.5585349796875 0.4452203078125 0.5569991828124999 0.45092325625 0.5487812703125 0.45031994375 0.5372693671875 0.447079434375 0.5302019375 0.42964593593749995 0.5255921203125 0.426779165625 0.5257423609375 0.4139073328125 0.531538478125
1 0.6801731546875 0.48250210156250006 0.6965149937499999 0.48754345781249997 0.707971253125 0.4837260875 0.7139278046875 0.4823415625 0.7161999859375 0.47546984375 0.715601284375 0.4640459453125 0.7116812859375 0.45761336874999997 0.6974221093749999 0.458360659375 0.685465728125 0.460778175 0.6801731546875 0.48250210156250006
1 0.6707081406250001 0.28139123125 0.6637825484375 0.2817541859375 0.6569177546875 0.299663625 0.6569316828125 0.2999293984375 0.6591927328125 0.31286553437500003 0.6719880734375 0.315359696875 0.6840005031249999 0.3147301515625 0.6902680796875 0.3124427796875 0.6930100828125 0.301676875 0.6928624796875 0.29886043125 0.689028659375 0.288793221875 0.6796027203125 0.2828561671875 0.6752411328125 0.28147697968749996 0.6707081406250001 0.28139123125
1 0.6367721859375 0.5942392609375 0.6455555281249999 0.598253821875 0.657588315625 0.593148334375 0.668565815625 0.5821316421875 0.6617608078125 0.566080384375 0.6529316515625 0.5639588296875 0.64546605 0.564350084375 0.6365880078124999 0.569388478125 0.629413534375 0.5747365624999999 0.6277368562500001 0.5783048890625 0.6367721859375 0.5942392609375
1 0.262383065625 0.43963167500000006 0.2585432453125 0.452250171875 0.2645049734375 0.45267517343749997 0.272476184375 0.454423340625 0.28557069375 0.45373708593749995 0.28613346093750003 0.45369818281249996 0.29766999375 0.4487805609375 0.298408971875 0.44502338124999996 0.297906778125 0.43544095 0.29300510625 0.43112601718750004 0.2891808578125 0.42968705937499996 0.2727566265625 0.4305478171875 0.262383065625 0.43963167500000006
1 0.27965474375 0.5051440515625 0.27984078125 0.508693859375 0.282352 0.5210072640625001 0.3055292625 0.5197925953125 0.3093669921875 0.516837403125 0.31595870000000004 0.5150536203125 0.316038171875 0.512711821875 0.31570505 0.506355475 0.31301126562500003 0.499961853125 0.3103834875 0.49898487031250005 0.2828176859375 0.5004295328125 0.27965474375 0.5051440515625
1 0.6304779234375 0.5415413921875001 0.6378152359375 0.550804565625 0.6449272734375 0.5517774109375 0.6537821828125 0.5513133453125 0.666492571875 0.5420724109374999 0.6660117640625 0.532898059375 0.661713884375 0.520889328125 0.644825375 0.5175280875 0.6294797859375 0.52249578125 0.6304779234375 0.5415413921875001
1 0.5727102828125 0.48952231562500004 0.5687374234375 0.50785305625 0.5688280796875 0.50958289375 0.5858726187500001 0.5243090171875 0.598640403125 0.5184047953124999 0.6101043640625 0.511053003125 0.6095472453124999 0.50042255625 0.6085918390625 0.49560014375000006 0.5935658312500001 0.4872732015625 0.5774175765625 0.4881194953125 0.5727102828125 0.48952231562500004
2 0.29987640625 0.3681054375 0.3113394359375 0.3443038 0.33220734531249996 0.3467795375 0.33118132031249997 0.3272018015625 0.3052934 0.30367109375 0.3051765359375 0.30367721875 0.2987571046875 0.3467479015625 0.2908162703125 0.373934290625 0.28706481250000004 0.40447050156250003 0.30251382968749996 0.43211759687500007 0.3026574125 0.43211007187500006 0.310773584375 0.422859484375 0.3187934890625 0.40994639062499993 0.325539928125 0.3854996140625 0.29987640625 0.3681054375
2 0.393070796875 0.3419580328125 0.43072053749999994 0.346449396875 0.43249140625000004 0.3463565890625 0.4322612671875 0.341965259375 0.41749418125000004 0.3181312765625 0.3945089171875 0.3193358828125 0.3910271234375 0.319989053125 0.393070796875 0.3419580328125
2 0.4345793203125 0.32885427031250003 0.43498567968749996 0.3366080703125 0.44760425000000004 0.35045414375 0.4565698578125 0.3554975734375 0.4629302578125 0.3551642390625 0.4785012734375 0.34470982656250004 0.4792147640625 0.342235603125 0.478384765625 0.32639830000000003 0.46929725 0.3094985515625 0.4681967828125 0.3092154875 0.43909016406249995 0.3107409015625 0.4345793203125 0.32885427031250003
2 0.5880904484375 0.2104232296875 0.5877405 0.2037458265625 0.5641302765625 0.1953984703125 0.560515021875 0.1760764625 0.55866040625 0.176173659375 0.5394038234375 0.1833148953125 0.48000967812499995 0.207834734375 0.48119843125 0.23051747968749997 0.46661375625 0.258709659375 0.5162923078125 0.2701545109375 0.5225805671875 0.2703785359375 0.547476034375 0.2690738203125 0.552148753125 0.25623384531250004 0.5587434703125 0.24585365312500002 0.580971728125 0.227295465625 0.5880904484375 0.2104232296875
2 0.531150378125 0.09237155625 0.5225807312499999 0.11731206093749999 0.5229166921874999 0.12372256562499999 0.5381521796875 0.1408395046875 0.5607300703125 0.1289527140625 0.5717743078125 0.11833933593749998 0.583168621875 0.0866540046875 0.5827773390625001 0.0791878984375 0.5642480546875001 0.05986429375 0.544281521875 0.058014257812500004 0.53192589375 0.058661789062500004 0.531150378125 0.09237155625
2 0.4548993375 0.24732660625 0.4390781890625 0.25829682656249997 0.4382893765625 0.28153901718749996 0.4555040953125 0.284846375 0.4568648984375 0.2847750578125 0.4649063578125 0.2782013046875 0.46338849687500006 0.2492387703125 0.4560751359375 0.24726498593750001 0.4548993375 0.24732660625
1 0.39330024531249996 0.8012669515624999 0.40589876562500005 0.8383649921874999 0.4496099765625 0.8222778843749999 0.4496101515625 0.82227765 0.44898699375 0.8103870890625 0.43456910000000004 0.7940213203125001 0.423283596875 0.788785796875 0.412589534375 0.78934625 0.39330024531249996 0.8012669515624999
1 0.327133634375 0.8892681046875 0.3172764734375 0.8928527015625001 0.3165825453125 0.9038325484374999 0.3314272625 0.9206593609375 0.3605018140625 0.9133007687499999 0.36039934218749997 0.9113455046875 0.3593872078125 0.909202134375 0.3533787515625 0.8914364578124999 0.3414081875 0.8885200078125 0.327133634375 0.8892681046875
1 0.281162059375 0.8865007234375 0.2729859984375 0.9121468671875 0.280705571875 0.9141213234375 0.29718681406249997 0.913733375 0.309746084375 0.9111719468749999 0.3193135109375 0.9036161249999999 0.31893513281249997 0.89639621875 0.3160730625 0.886574340625 0.30632445937499997 0.882535446875 0.2926417046875 0.8832525296875 0.281162059375 0.8865007234375