1 0.6327136328125 0.594929884375 0.63203894375 0.6078037140625 0.631998271875 0.6115928375 0.6337823499999999 0.6282149203125 0.650552359375 0.6290937999999999 0.6594310625 0.6201141906250001 0.6634437734375 0.60566769375 0.6635626515624999 0.603399365625 0.659320765625 0.5850172171875 0.64050844375 0.58403130625 0.6330472390625 0.5915773515625 0.6327136328125 0.594929884375
1 0.4548914453125 0.6149415078125 0.4529381609375 0.6217584015625001 0.45286634687499994 0.6231286984375 0.4559565109375 0.63683868125 0.46232945625 0.641895121875 0.4820251 0.63761455625 0.4856173234375 0.6366221984375 0.503004471875 0.6257272859375 0.5059917031250001 0.6193905187500001 0.506671159375 0.6115482250000001 0.506938846875 0.60644045625 0.4912860421875 0.6044524124999999 0.473735284375 0.6100260046875 0.46951663593750004 0.6145274078125 0.4548914453125 0.6149415078125
1 0.5556285375 0.6754022375 0.5410836609375 0.6826054515625 0.5353365906249999 0.6915382390625 0.535325878125 0.69174265625 0.53712255625 0.7018691984375 0.540446553125 0.7060261421875 0.550454265625 0.7065506234375001 0.560461996875 0.70707510625 0.5707010140625 0.7031864156250001 0.578909059375 0.6929958984375 0.5846068859375 0.6769159296875 0.5851987015625 0.6656234359375001 0.5747490109375 0.6650757921875 0.5702427796875 0.6668749890625 0.56469016875 0.6714518421875 0.5556285375 0.6754022375
1 0.3901553921875 0.266749146875 0.3889422859375 0.27863388906250003 0.39123813749999997 0.29114501718749997 0.39845166249999997 0.2999311296875 0.414220275 0.308728859375 0.41684997656249995 0.308866675 0.42581941875 0.3071182765625 0.428968390625 0.302893896875 0.429520871875 0.292351928125 0.42084716718750004 0.2780933046875 0.40367178593749997 0.2649489421875 0.3962933140625 0.2645622515625 0.3901553921875 0.266749146875
1 0.15871227968749999 0.9097380921875 0.1515428359375 0.922638246875 0.1590086046875 0.949138746875 0.17879275156250002 0.9546008828125 0.1967541390625 0.9497893171875 0.20317279375 0.9391419640625 0.204269803125 0.9182097890625001 0.20329080312499997 0.9151720640625 0.19359824375 0.903266834375 0.1691353171875 0.9019847859375 0.15871227968749999 0.9097380921875
1 0.29266526718749997 0.7316539125 0.2831964046875 0.7311576703125 0.28268840625 0.7314984828125 0.282363421875 0.73769954375 0.2829441890625 0.7428235015625 0.2967362984375 0.7612474984375 0.31065671093749997 0.765959775 0.325777609375 0.770292478125 0.3428496703125 0.7711871859375 0.3577679125 0.76582418125 0.3582272375 0.7570597640625001 0.34685702812499997 0.7510408515625 0.3348414328125 0.743773196875 0.3158309625 0.734811353125 0.29266526718749997 0.7316539125
1 0.41827810625 0.34794052343750004 0.42434786406249997 0.3672874109375 0.43369753125 0.3691050078125 0.44591076875 0.361337009375 0.4581008796875 0.35401031875 0.4649696875 0.346847309375 0.47186153593749997 0.33924295 0.4744582828125 0.3305507671875 0.47507622656250004 0.31875970625 0.4543220875 0.317672028125 0.44871982812500005 0.3190013953125 0.43718773750000006 0.3250349671875 0.426648075 0.33466076718750004 0.41827810625 0.34794052343750004
2 0.7468892640625 0.142577203125 0.7790887234375 0.152440278125 0.796098475 0.18451332812500001 0.8143210984374999 0.1790377578125 0.82280059375 0.1660365390625 0.858909871875 0.1614983671875 0.8961772265624999 0.1646206375 0.9060576031249999 0.1560468921875 0.9076658671875 0.125359371875 0.9058650328125 0.11368399375 0.8737969640625 0.11551098125 0.8211426078124999 0.12327420781250001 0.79499328125 0.1014429625 0.7569465906249999 0.086318109375 0.7531565687499999 0.08611948281250001 0.7239664265625 0.0877825078125 0.7030440859375 0.1001316234375 0.6870461046874999 0.122676996875 0.6759891515625001 0.140220003125 0.6671263453125 0.17541584062499999 0.6612395453125 0.1798749046875 0.6642682234375 0.18003363125 0.6692454390625 0.17961904374999998 0.6952143093750001 0.175134065625 0.7219609015625 0.17068984843749999 0.7468892640625 0.142577203125
1 0.378739234375 0.2163915734375 0.40025666718749997 0.23680182656249998 0.4088725125 0.24573535937500002 0.4135196671875 0.24194401718749997 0.43169108906250003 0.22633205156249997 0.4373303046875 0.20304944531250002 0.4373710328125 0.20227231093750003 0.41991211093749997 0.1828739140625 0.394110865625 0.181521728125 0.379326284375 0.2051899875 0.378739234375 0.2163915734375
1 0.0395195484375 0.0980055828125 0.037873359375 0.129416746875 0.0499121125 0.14776814062500002 0.07161577031250001 0.14981397031250002 0.09301320468749999 0.1345841109375 0.10043015468750001 0.12305550624999999 0.10136242343749999 0.10526674062500001 0.0995559953125 0.1022244671875 0.0747262296875 0.08498662968750001 0.0699556625 0.0847366140625 0.0395195484375 0.0980055828125
1 0.49559188125000003 0.862833328125 0.48153509687499996 0.9057184906250001 0.481320421875 0.9444822437499999 0.488713715625 0.9594103296875 0.49221066249999995 0.96201703125 0.4949284359375 0.9621594640625 0.5014598015625 0.9588666124999999 0.544335209375 0.9380909578125 0.5514758953125 0.9209754109375 0.5538727734375 0.8752402453125001 0.547545659375 0.8594975171874999 0.530201846875 0.8520631328125001 0.516513340625 0.8513457484375 0.49559188125000003 0.862833328125