1 0.6505588921875 0.5632022703125 0.6680710125 0.549157371875 0.667985915625 0.5442821484375 0.650918475 0.5098676125 0.6436414484374999 0.5099946328125 0.6281705734374999 0.5242352453125 0.6505588921875 0.5632022703125
1 0.69019360625 0.5855334390625 0.734120159375 0.5978820734375 0.7371459953125 0.59782925625 0.7622731515625001 0.574242284375 0.7622321453125 0.5718929921875 0.72702359375 0.54917038125 0.7225262875 0.54924888125 0.6901859953125 0.5850973421875 0.69019360625 0.5855334390625
1 0.696114140625 0.5415054859375 0.6962356234375 0.541503365625 0.733075440625 0.513032115625 0.7330351390625001 0.5107232171875 0.7131116296875 0.5009683359375 0.7065950578125 0.501082084375 0.6669453546875 0.5319199140624999 0.696114140625 0.5415054859375
1 0.6005181937499999 0.6407261203125 0.6248616296875 0.6642380250000001 0.6636129078125 0.65186956875 0.6635666484375 0.64921934375 0.6439422421875001 0.6225065203125 0.638536028125 0.6226008859375 0.6005087312499999 0.6401839703125 0.6005181937499999 0.6407261203125
1 0.0324412328125 0.6519331796875 0.061419921875000005 0.6263656703125 0.04874183125 0.5964897875 0.037514712500000005 0.5940233015625 0.022885725000000003 0.5942786515625 0.0129782671875 0.61581655 0.013074060937500001 0.6213045296875 0.0297906109375 0.651979446875 0.0324412328125 0.6519331796875
1 0.3615498078125 0.60002294375 0.361671909375 0.6070181328124999 0.38480738125 0.6243276046874999 0.4190358359375 0.6066138234375 0.4189889921875 0.6039301453125 0.3977807578125 0.589297571875 0.375744159375 0.589682221875 0.36425455625000003 0.5908420890625 0.3615498078125 0.60002294375
1 0.8485215109375 0.376753665625 0.8590434703125001 0.40259075781250003 0.9028666453125 0.3931425140625 0.9151047171875 0.37703669375 0.9150228921875 0.37234893593749996 0.8962497828125 0.361813440625 0.8885416609375 0.3619479875 0.8485038828125001 0.3757437671875 0.8485215109375 0.376753665625
1 0.4513090609375 0.359221615625 0.49311979843750003 0.3793985828125 0.4961754546875 0.379345246875 0.541304546875 0.359518275 0.5412419625 0.35593280625 0.5138866484375 0.3309819015625 0.5087000515625 0.331072434375 0.45130198593750004 0.358816271875 0.4513090609375 0.359221615625
2 0.144850525 0.44768325156250005 0.1715526625 0.49453341249999994 0.18401031406249999 0.48186159218749997 0.183682978125 0.46310853906249994 0.1705714359375 0.4151113921875 0.1657331109375 0.41519584531250003 0.14771040468750002 0.42202180624999996 0.144850525 0.44768325156250005
2 0.469438253125 0.7502675671875 0.4867227203125 0.7241663265625 0.4866575109375 0.72043048125 0.46319627656250006 0.6912964484375 0.4617608875 0.691321503125 0.4350724203125 0.745803040625 0.469438253125 0.7502675671875
2 0.262833890625 0.6940248312499999 0.3134398875 0.711173128125 0.3185212859375 0.71108443125 0.333016390625 0.6921982843750001 0.333008921875 0.691770415625 0.28976756406250004 0.6740080640625 0.28508147500000003 0.6740898609375 0.262830821875 0.6938489796875 0.262833890625 0.6940248312499999