2 0.07890625 0.06328125 0.046875 0.034375
1 0.078125 0.73984375 0.0375 0.0375
1 0.0484375 0.84296875 0.0515625 0.0375
2 0.22265625 0.9328125 0.059375 0.0390625
2 0.499062521875 0.135416859375 0.51694651875 0.10513458281250002 0.5455895171875 0.072033075 0.5456264984375 0.0715042296875 0.5240444296875 0.0568477578125 0.52364445 0.0568197890625 0.4945090921875 0.087799178125 0.46574702500000004 0.1186346375 0.4470401796875 0.16068419218750002 0.43369356249999996 0.19653927031250001 0.3882612140625 0.2262090265625 0.3577620203125 0.2818865609375 0.3552185546875 0.30813630000000003 0.3544911515625 0.3185386515625 0.3652523359375 0.3229817703125 0.3657941140625 0.3230196546875 0.3861995828125 0.2838751078125 0.4030115171875 0.25483171250000003 0.434831896875 0.20844368906250002 0.454718371875 0.20589268125000001 0.5069737062499999 0.14910873125 0.499062521875 0.135416859375
2 0.309375 0.434375 0.03125 0.03125
2 0.19431105937499998 0.3376557546875 0.1842286734375 0.350705471875 0.21357754375 0.3812935171875 0.2136445640625 0.38129820312499996 0.22264885156249997 0.3672242859375 0.2232893140625 0.35806525625 0.19557991875 0.3386889796875 0.19439235625 0.337661440625 0.19431105937499998 0.3376557546875
2 0.4375 0.35234375 0.021875 0.0234375
2 0.43671875 0.27265625 0.034375 0.021875
2 0.797018834375 0.4314895984375 0.78600785625 0.44193483906250003 0.7867804781250001 0.45906919999999996 0.794584271875 0.47674250625000003 0.79557609375 0.47681186093749994 0.8110213906249999 0.46470589531249995 0.8109801875 0.437111771875 0.7991673734375 0.43163983906250003 0.797018834375 0.4314895984375
2 0.846402659375 0.5202422921875 0.8780761359374999 0.5278243953125 0.8824801953125 0.52813235625 0.9036818625 0.5269748328125 0.912971315625 0.52565355 0.9459325203125 0.5240168749999999 0.96354681875 0.516379971875 0.9826057765625 0.5068732265625 0.9872139046875 0.49734150625 0.9882424656250001 0.4826324046875 0.9647079062499999 0.4809867078125 0.9468192703125 0.49254597499999997 0.9350566625000001 0.5104461109375 0.92163901875 0.5144348375 0.8982415984375001 0.51082795625 0.88406511875 0.506880434375 0.8656918703125 0.50658108125 0.8469687374999999 0.512146990625 0.846402659375 0.5202422921875
2 0.83843215 0.40619182187499997 0.8301461015625 0.40561240468750004 0.8181392093750001 0.4134687640625 0.8180211937499999 0.41515647031249997 0.824895315625 0.4233608078125 0.8257997671874999 0.42342405312500003 0.8327479500000001 0.41652084843750004 0.841449640625 0.41050455625 0.8416008312500001 0.40834243593749997 0.83843215 0.40619182187499997
2 0.19268153593749998 0 0.19375201250000001 0.007214839062500001 0.19968163125 0.0248139046875 0.21402865625 0.044910971875 0.22333983750000003 0.05510896093749999 0.23795259687499998 0.07140581875 0.24789155468750002 0.0931040359375 0.24616428125 0.11780517812499999 0.24856869062500003 0.14458680156249998 0.248807475 0.1446034984375 0.2621268359375 0.13865314374999999 0.26254855625 0.132622253125 0.25849497499999996 0.10530178593749999 0.25866427187499996 0.0824010546875 0.2488581828125 0.058802774999999995 0.23865336093749998 0.0409047328125 0.2235455640625 0.0112075796875 0.2151391078125 0 0.19268153593749998 0
1 0.64140625 0.75625 0.0421875 0.0453125
2 0.43046875 0.24296875 0.0390625 0.03125