1 0.513938846875 0.44408925468750005 0.5134442390625 0.4595941609375 0.5402598234375 0.4614218375 0.5570000171875 0.45596421249999997 0.55831973125 0.44388852031250003 0.55590450625 0.4370434453125 0.5405741609375 0.4355892296875 0.513938846875 0.44408925468750005
1 0.46909495156250003 0.46615921406250005 0.44355161093750006 0.4666050734375 0.44368082031249995 0.474007478125 0.4448946078125 0.48203836874999995 0.4549900296875 0.4904711953125 0.47408535937499996 0.4884160765625 0.49186622187499995 0.481662159375 0.4918141234375 0.4786774578125 0.489920328125 0.47493914375 0.46909495156250003 0.46615921406250005
1 0.44516152656249997 0.6837975562499999 0.44119275468749997 0.6982496125 0.440525953125 0.7258101828125 0.44531634374999995 0.7372052874999999 0.4600605421875 0.7269997015625 0.4648638515625 0.7062541609374999 0.46510377812500003 0.6871187703125 0.45923178125 0.683551959375 0.44516152656249997 0.6837975562499999
1 0.5048158171875 0.617121290625 0.4867891703125 0.622231315625 0.4770142328125 0.632158853125 0.48259968124999997 0.645261884375 0.4979200140625 0.6461423421875 0.5242766249999999 0.6373981468750001 0.523945540625 0.6184302765624999 0.5189896796875 0.616873884375 0.5048158171875 0.617121290625
1 0.5119298140625 0.5669894984375 0.5087004375 0.5670458671875 0.49775103437499996 0.5756012578124999 0.498218403125 0.6023767828125 0.5052370703125 0.6099067515625001 0.5178731703125 0.6104514359375 0.5253231234375 0.6078227828125 0.525023321875 0.590647175 0.5219424796875 0.58053573125 0.5119298140625 0.5669894984375
1 0.753290803125 0.3236776109375 0.74817301875 0.338769096875 0.7594852000000001 0.3533159984375 0.7650984109375 0.35813280000000003 0.7721967656250001 0.3424454140625 0.776746671875 0.3290792921875 0.7766452703125 0.3232699578125 0.753290803125 0.3236776109375
1 0.77243595625 0.440235325 0.7722626015625 0.43030384687499995 0.77182505625 0.426375703125 0.759352278125 0.42514977812500004 0.7572728734374999 0.42518607499999994 0.7509721703125 0.42837795312500004 0.7473014953125 0.42926115625000005 0.746258990625 0.43992805312499994 0.753676646875 0.4502526546875 0.7551246546875 0.45022737968750004 0.7593278953125 0.4495295046875 0.7660264953125 0.44613605781250004 0.77243595625 0.440235325
1 0.8463880234375001 0.4690740203125 0.8460699343750001 0.4508506546875 0.8377617234375 0.44097125468750004 0.8171398828124999 0.4413312109375 0.809484065625 0.4437743828125 0.8076120687499999 0.44669142500000003 0.8076820187499999 0.4506988109375 0.809805671875 0.46219921093750005 0.8132741609374999 0.4731969359375 0.8362144718750001 0.4765505515625 0.84002940625 0.47648396249999997 0.8463880234375001 0.4690740203125
1 0.762742215625 0.6350650390625 0.7791412828125 0.6360074890625 0.8067795640625001 0.6238524453125 0.80428474375 0.611894040625 0.780729990625 0.612305190625 0.768238540625 0.6214534421875 0.762742215625 0.6350650390625
1 0.7417426046875 0.620005709375 0.7381929234375 0.6271541265625 0.7382685718750001 0.6314880484375001 0.750167265625 0.6333743140625 0.7663304859375 0.620805221875 0.7738314 0.6097095046875001 0.7738082140625 0.6083811859375 0.7720053546875 0.606206528125 0.7588370453125 0.60643638125 0.753024703125 0.6093648625 0.7417426046875 0.620005709375
1 0.9136516218749999 0.552163728125 0.9119933140625 0.552192675 0.8971123015625 0.560160096875 0.9030052749999999 0.5692724578125 0.9092557171875001 0.5737920187500001 0.92230169375 0.5735642999999999 0.9278364203124999 0.5692603015625 0.9276286 0.5573542796875001 0.9273358703125 0.5553321046875 0.9136516218749999 0.552163728125
1 0.957209759375 0.47719949687499996 0.9482946265625 0.4734221328125 0.9477402171874999 0.47343180937499996 0.9376423703125001 0.48245583124999997 0.9410419296875 0.5012365015625 0.9576443078124999 0.5138901203125 0.9578636875000001 0.5138862921875 0.95833849375 0.5066685046875 0.9625056687500001 0.49628854687499996 0.962401884375 0.49034275000000005 0.957209759375 0.47719949687499996
1 0.8090238796874999 0.6055603671875 0.798008790625 0.61572090625 0.7982553546875 0.629846609375 0.80193815625 0.6334030484375 0.824871246875 0.63300275 0.8273621375 0.632490553125 0.8269299671875 0.6077315375000001 0.8174277156249999 0.605413678125 0.8090238796874999 0.6055603671875
1 0.946531896875 0.11832698593749999 0.9455205921875001 0.11285038124999999 0.940963771875 0.10943213593750001 0.9271885296875 0.1096725828125 0.917883346875 0.1133327921875 0.90775706875 0.131530425 0.9117279093749999 0.14784372968749998 0.9209689093750001 0.1493206890625 0.9386652312500001 0.1424587515625 0.9453638265625001 0.13906530625 0.9467937421875 0.13332813125 0.946531896875 0.11832698593749999
2 0.66720686875 0.47364032343750007 0.657177525 0.47489229999999993 0.6450229484375 0.4824766359375 0.6369306171875 0.488147021875 0.6358365578125 0.49303074843749994 0.635926490625 0.4981829453125 0.6429593578125 0.5100065390624999 0.6436024328125 0.5099953140625 0.6609783421875 0.5049290125 0.671462996875 0.4955307828125 0.6717240734375001 0.48985348125000006 0.6715754125 0.48133669375 0.668677025 0.4736146609375 0.66720686875 0.47364032343750007
2 0.9 0.659375 0.0828125 0.0828125
1 0.8685553171875 0.8205933796875 0.8513321953125 0.8095405515625 0.8504318124999999 0.80955626875 0.8407465468750001 0.8112492171874999 0.8404611390625 0.8300942078125001 0.8584862125000001 0.8420665421875 0.8714550624999999 0.8459358234375 0.8779796546874999 0.84649013125 0.8778110937499999 0.8368332875 0.8767109312500001 0.8302805953125001 0.8685553171875 0.8205933796875
1 0.72635385 0.7546568359375 0.7263242703125 0.7529622609375 0.717568675 0.7409606265625001 0.71817975625 0.7368533125 0.7105391828125 0.736986678125 0.706470896875 0.738696946875 0.6979727 0.7445791984375 0.6967729640625 0.746238403125 0.6993582515625001 0.753565453125 0.7025862859374999 0.762519546875 0.7088422453125001 0.7689633953125 0.7197827921875 0.76221938125 0.72635385 0.7546568359375
1 0.9635039484375 0.5534800328125 0.9620781656249999 0.550665565625 0.958182990625 0.5438879734375 0.9535610234374999 0.5420906796875 0.9299892125 0.5425021265625001 0.9269036546875 0.5475138578125 0.9269722484375 0.551443578125 0.9275332765625001 0.555045421875 0.9356053203125001 0.5667072546874999 0.9510475703125 0.5678540359375 0.9610708562499999 0.565082478125 0.9636251843749999 0.56042556875 0.9635039484375 0.5534800328125
1 0.9938939703124999 0.6829975515625 0.9932624546875 0.646818084375 0.9925466000000001 0.6442535890625 0.987923634375 0.639943371875 0.978061771875 0.6401155125 0.9737052 0.6443001859375 0.9713132218749999 0.65281035 0.9711017343749999 0.6649520984375 0.9717072796874999 0.6753859 0.974823015625 0.684082209375 0.9822897265625 0.6873392390624999 0.9917842359375 0.68547983125 0.9938939703124999 0.6829975515625
1 0.9440378671874999 0.423090175 0.9437554703125001 0.406911671875 0.942143784375 0.40174155 0.9379831390625 0.39412492656250003 0.93170769375 0.3912136890625 0.930985190625 0.39177553125000003 0.9259803265625 0.3894237765625 0.909627934375 0.389709209375 0.9013309109375 0.392018534375 0.8988644484374999 0.39755390625000003 0.9096234578125 0.40560458437499997 0.9193658015624999 0.41834147968749996 0.9315266843750001 0.42279768124999995 0.9354974484374999 0.42408559375 0.9427991734375001 0.4239581421875 0.9440378671874999 0.423090175
2 0.9885996890625 0.473498471875 0.9845396718750001 0.47164702812500003 0.98073548125 0.46347495156249996 0.981438815625 0.46181497968749996 0.9800100390625 0.44289141875000004 0.974596946875 0.440145525 0.9731962281250001 0.440169975 0.9647129031249999 0.4475522859375 0.96042101875 0.45339413593750005 0.95410585625 0.4627096125 0.9541252140625 0.46381869531250003 0.9633043828125001 0.471743075 0.9557468609375 0.479289621875 0.9625368999999999 0.49070497187499995 0.968802759375 0.49306714375 0.9901884531249999 0.480610753125 0.990369159375 0.4810613109375 0.9903545156250001 0.4802223671875 0.9885996890625 0.473498471875
2 0.93369324375 0.23146020625000002 0.9338062046875001 0.2379317453125 0.9352395171874999 0.2441956046875 0.9456170640625 0.24726254218750002 0.9470363453124999 0.24723776874999998 0.9562945765625 0.234362121875 0.9636827671875 0.23036072187499998 0.9647772515625 0.22732971875 0.9668911359375001 0.2169663140625 0.9724911890625 0.2091236859375 0.9816675109374999 0.2089635125 0.9854805421874999 0.20099262499999998 0.985377140625 0.19506874999999999 0.9824316375000001 0.187006346875 0.977149825 0.1802142046875 0.9742742828125 0.1776111703125 0.965680846875 0.1777611703125 0.963400359375 0.18131474375 0.962335909375 0.18606630625 0.9556413703125 0.1969399390625 0.9471361765624999 0.2026819203125 0.9449021625 0.20616308593750002 0.9434218609375 0.2199576 0.93608623125 0.22696998124999998 0.93369324375 0.23146020625000002
2 0.8643216265625 0.2759186109375 0.8753536531250001 0.2834709265625 0.885202528125 0.27546705781249997 0.8850459140625 0.2664946625 0.8830000218749999 0.2613936328125 0.8709561000000001 0.26160385937499997 0.8650632296874999 0.25267102656249996 0.8539185781249999 0.23866661093750002 0.8292271843749999 0.23737651875000002 0.8190938593749999 0.2256392578125 0.797893390625 0.2260093140625 0.798136790625 0.2399536625 0.8099152046875 0.2484703875 0.8135139953125 0.2574432640625 0.8269677421875 0.2722679140625 0.8431539406249999 0.27929999375 0.8441057687500001 0.26809632968749997 0.8475393828125 0.26760612500000003 0.8643216265625 0.2759186109375
2 0.6959049625 0.1956033328125 0.7245829203125 0.22210199687499999 0.7576402625 0.22079526875000002 0.78046178125 0.19047883906250002 0.7908680593749999 0.1735138859375 0.8209692515624999 0.17006963125000002 0.840358571875 0.1660826453125 0.8659704687499999 0.158484328125 0.8659541828125 0.157551271875 0.8565116109375 0.14390941562499998 0.8349859953125 0.13698805625 0.830828 0.1217367390625 0.8096818328125 0.11328640781249999 0.79518935625 0.113539375 0.7830408546875 0.115273775 0.7792775890625 0.12263655468750001 0.7523999406249999 0.143537565625 0.7049183921875 0.1545822859375 0.677169490625 0.1608303640625 0.677212884375 0.1633164109375 0.678987928125 0.17400734375 0.6959049625 0.1956033328125
2 0.82361538125 0.8654849796875 0.8235202265625 0.860033628125 0.8224439984374999 0.8600524140625 0.8135982265624999 0.8626475046875001 0.8031942453124999 0.8654098953125 0.7986147546875 0.8775137078125 0.7987413890624999 0.8847685750000001 0.804454615625 0.8932604281250001 0.8166224703125 0.8806602453125001 0.82361538125 0.8654849796875
2 0.8275068421875 0.9007307359375 0.8189567999999999 0.898815346875 0.810037771875 0.8979387125 0.8088741578124999 0.9162529421875 0.808889703125 0.9171435109375 0.81555515 0.925714940625 0.823817265625 0.9333130953125 0.832610196875 0.92696571875 0.8370380718750001 0.91823686875 0.8370313734374999 0.9178531203125001 0.8342029406249999 0.9073239109375001 0.8270928203125001 0.899189490625 0.8275068421875 0.9007307359375
2 0.8736629562499999 0.92635611875 0.8656809109375001 0.9264954453125 0.8641808078125001 0.9267473046875001 0.8590208 0.9268373734375001 0.858626390625 0.9338123906250001 0.8628219484375 0.9376103421875 0.8722892734375 0.9388619109375 0.874903 0.9388162890625 0.8746947546875001 0.9268859046875001 0.8736629562499999 0.92635611875