2 0.45219830468750005 0.3498437046875 0.44631105312499997 0.44653539531249997 0.5201801609375 0.48454378125 0.5223505171875 0.48439201406250004 0.5250578421875 0.4567779015625 0.5594827546875 0.43226946875000005 0.55738025 0.4022022578125 0.5550478062499999 0.384935134375 0.492811428125 0.35328932343749997 0.46456146406250004 0.3489791875 0.45219830468750005 0.3498437046875
1 0.4438083296875 0.8737436828125 0.45529395624999996 0.8692732171875001 0.45402361718749995 0.856129128125 0.4399731578125 0.850353203125 0.435470703125 0.8506680453125 0.42068048593749996 0.85870780625 0.412290121875 0.8708374703124999 0.43453786406250006 0.8743919375000001 0.4438083296875 0.8737436828125
1 0.9813279046875 0.62339351875 0.9731692046875 0.5972289734375 0.9564815640625 0.591818621875 0.9488648968750001 0.59235123125 0.941838140625 0.6092696156249999 0.952229475 0.6296495875 0.9688763312500001 0.6352394984374999 0.9813279046875 0.62339351875
2 0.8737321124999999 0 0.86572609375 0.0051701421875 0.8001017859375 0.08120221250000001 0.7204396296875 0.1513222546875 0.546185825 0.30931258906250003 0.55247575625 0.39926280468750003 0.5572121812499999 0.464176234375 0.667223121875 0.4585428859375 0.7130733390625 0.4087820671875 0.753107696875 0.356473721875 0.7929747296875 0.2816160890625 0.825385734375 0.22106716406250002 0.8650590609375 0.1568768375 0.900386784375 0.1111645609375 0.9414363890624999 0.08009284375 0.9430832859375 0.0498963515625 0.959333078125 0 0.8737321124999999 0
2 0.42167267031250005 0.4102373265625 0.421176003125 0.40313464843749997 0.3995237046875 0.3989502203125 0.3991887078125 0.3989736453125 0.3701719015625 0.40379959843749996 0.334288634375 0.4147704421875 0.3356625359375 0.4344181546875 0.3673451703125 0.4641688515625 0.3329483625 0.48631789531249997 0.33294125937499996 0.48904103125000004 0.334871784375 0.5166488078125 0.35566213750000003 0.5289181015625 0.3620708015625 0.564465990625 0.3621121046875 0.5644631015625 0.3905717171875 0.5443404171874999 0.3889361203125 0.5209502859375 0.40081548125 0.4590078453125 0.42167267031250005 0.4102373265625
2 0.48311839687499997 0.24183580781249997 0.5156156546874999 0.24943081562499997 0.548852321875 0.25415484374999997 0.57902946875 0.282351775 0.5877329687499999 0.32614655937500003 0.6152180421875 0.34735557031250003 0.6180123265625 0.347160175 0.62945885 0.3130065203125 0.6287518734375 0.3028962859375 0.5792406109375 0.23159020625 0.535805071875 0.21086053593749998 0.5277974703125 0.21142048125000001 0.48311839687499997 0.24183580781249997
2 0.8452860062499999 0.14223005625000001 0.8575598937500001 0.160529275 0.8971714046875 0.1973501421875 0.9479483265624999 0.2565278015625 0.9827101812500001 0.2576830328125 0.9778640812500001 0.1883805828125 0.9662222406250001 0.1647567015625 0.9633976109375 0.1374769046875 0.8740810546875 0.1402165109375 0.8452860062499999 0.14223005625000001
2 0.42483404374999995 0.050333868749999996 0.43364023281249997 0.0651171609375 0.46253815156250006 0.0814088671875 0.4707161046875 0.0812207875 0.46512176250000004 0.001217975 0.423624465625 0.0041197484375 0.41475357187500006 0.017327234375 0.39633481718749997 0.03164088125 0.39649215781249997 0.0338909640625 0.42483404374999995 0.050333868749999996
2 0.5900044984374999 0.1787608890625 0.5752975046875 0.1903652984375 0.575416421875 0.19206588125 0.5932708140625 0.1989684734375 0.607837196875 0.19798619374999998 0.6229835312499999 0.19982205 0.6246686109375 0.1997042171875 0.6244891203125 0.1971373625 0.6164505078125 0.18116053125 0.6031741546875 0.1732570046875 0.6001146359375 0.1734709484375 0.5900044984374999 0.1787608890625
2 0.2945970421875 0.5815590609375 0.25734571562499997 0.6137788140625 0.25738191875 0.6142965515625 0.3415985578125 0.662407209375 0.375480646875 0.64011125625 0.40450241406250004 0.6126783078125 0.4044939796875 0.6125576796875001 0.3773817265625 0.591731465625 0.327831253125 0.5558960453124999 0.32260730937500004 0.5562613390625 0.2945970421875 0.5815590609375
2 0.20560780781250002 0.5839570515625 0.2298665765625 0.5882477328125 0.233036734375 0.5880260546875 0.257909675 0.5546457515625 0.257412325 0.5475333250000001 0.23980985000000002 0.5239995671875 0.19172939375 0.51842375 0.13548180781250002 0.5223569640625 0.20560780781250002 0.5839570515625