1 0.5363616906249999 0.359858046875 0.583708140625 0.387589096875 0.5846398796875001 0.38750758125 0.6055398328125 0.343822353125 0.6054400296875 0.342681603125 0.5482984328125 0.3106951515625 0.547459103125 0.310768584375 0.5362053359375001 0.3580709015625 0.5363616906249999 0.359858046875
1 0.6429829406249999 0.277315834375 0.6705948171875 0.2627310890625 0.668337921875 0.2369346703125 0.6617089703125 0.20105079531249997 0.6204552015625 0.2207715171875 0.6365876671875 0.2778753484375 0.6429829406249999 0.277315834375
1 0.703867121875 0.30488665937500004 0.7215627328124999 0.333179734375 0.73703556875 0.3318260359375 0.7531885078125 0.3283251328125 0.7523987578125 0.31929825 0.7316992796874999 0.2726910984375 0.7312842296875 0.2727274109375 0.70366074375 0.3025277421875 0.703867121875 0.30488665937500004
1 0.5279908265625 0.0693592203125 0.5396087015625 0.0579226796875 0.5111398578124999 0.006371896875 0.4923520234375 0.031585685937500003 0.519635584375 0.070090209375 0.5279908265625 0.0693592203125
1 0.480013746875 0.8604312765625 0.4630576609375 0.8639408890625001 0.4667935984375 0.9066428625 0.4924247859375 0.9100330234375 0.505968671875 0.9088480859375 0.5047533234375 0.8949565937499999 0.4990286515625 0.8587676875 0.480013746875 0.8604312765625
1 0.43202453749999997 0.8870849265625 0.43616574375 0.8645781015624999 0.372549478125 0.8579954390625 0.3667359515625 0.89117505625 0.4071345296875 0.8892625203125 0.43202453749999997 0.8870849265625
1 0.2224157359375 0.5368332234375 0.2670464734375 0.52648055625 0.266824115625 0.5239389921875001 0.24374006406249998 0.50191240625 0.1941440734375 0.5187343171875 0.20203693125000002 0.5386161390625 0.2224157359375 0.5368332234375
1 0.3290538390625 0.28506109999999996 0.3050005546875 0.2956739265625 0.3043354375 0.358489959375 0.3318649640625 0.3534967328125 0.3307968515625 0.304983828125 0.3290538390625 0.28506109999999996
1 0.6402199796875 0.4533754265625 0.640343190625 0.45478372343749995 0.642565659375 0.4545892828125 0.6847804562500001 0.42487369218750004 0.6846439171875 0.42331304375 0.6776681296875 0.3990865046875 0.6407314078125 0.3919584203125 0.6402199796875 0.4533754265625
2 0.6708169609375 0.129013103125 0.6741601546875 0.12420631875000002 0.6736208859375 0.11804245 0.667762534375 0.10566682499999999 0.6565717984375 0.0942322203125 0.6472255578125 0.0893204796875 0.6320223656249999 0.08809795625 0.6219256953125 0.0889813 0.6207621062500001 0.0925906859375 0.6171803546875 0.105194875 0.6173256046875 0.1068550953125 0.6380326296875001 0.1318813609375 0.6708169609375 0.129013103125
2 0.4192516015625 0.7744789515625 0.450771559375 0.77076643125 0.468386278125 0.7682704640625 0.4654025 0.7924038906249999 0.4650503875 0.8029385296875 0.478390365625 0.8077419546875 0.48921634375 0.8067948046875 0.5087969546875 0.79338184375 0.50771915 0.781062471875 0.485317303125 0.772518546875 0.48162825312499996 0.759472746875 0.48206331718750006 0.7498857328125 0.484446221875 0.733444065625 0.494144684375 0.727821084375 0.511641646875 0.72270301875 0.5109155234375 0.7144033859375 0.506660921875 0.6961694375 0.49926254531250003 0.6844030421875 0.46993919375 0.6841037875 0.44548597812499996 0.69579211875 0.4443671765625 0.7121232656250001 0.43945603593750004 0.728786125 0.4303380265625 0.7410426328125 0.407668840625 0.7582891015625 0.40767366562499996 0.7583442687499999 0.4192516015625 0.7744789515625
2 0.5445969640625 0.6870474390625 0.5422978453125 0.660768390625 0.5362856515625001 0.6449407109374999 0.5252934 0.6388458640625 0.5215779625 0.639170921875 0.5114179 0.6518908328124999 0.509718784375 0.661588440625 0.5081854453125 0.6731813765625 0.5108589718750001 0.6891806625 0.516914846875 0.6898732984375 0.5436623578125 0.6875331953125 0.5445969640625 0.6870474390625
1 0.8279542609374999 0.7724536718749999 0.835206084375 0.7638153578125 0.8331614140625 0.7404446765625 0.8282691640625 0.73266403125 0.8189229125 0.7277524375 0.8056184984374999 0.7212772328125 0.793131590625 0.7263456265625 0.7797978515625 0.7464536734375 0.7797968515625 0.7471484390625001 0.78109849375 0.7620262734375001 0.7936620421875 0.7738875734375 0.8000184703125001 0.7748977359375 0.8279542609374999 0.7724536718749999
1 0.822243165625 0.06633615937500001 0.8233878046875001 0.055046153125 0.82200753125 0.0392695484375 0.8115908812500001 0.0319370171875 0.7953232140625001 0.035270015625 0.7807561515625 0.0486786921875 0.7808406859375 0.0496449359375 0.7854180328125 0.0676481796875 0.7912206515625 0.07573451406250001 0.8017934453125 0.076773965625 0.816094346875 0.07552279843750001 0.8166687578125 0.0754178546875 0.822243165625 0.06633615937500001