1 0.6390625 0.62578125 0.0421875 0.0703125
1 0.53125 0.59140625 0.0671875 0.0671875
2 0.5734375 0.51953125 0.05625 0.0546875
1 0.2109375 0.56015625 0.0359375 0.034375
1 0.253125 0.72109375 0.0609375 0.0421875
1 0.5484375 0.809375 0.0375 0.0375
1 0.55625 0.66484375 0.0421875 0.0421875
1 0.60234375 0.74375 0.0375 0.0375
1 0.66640625 0.79921875 0.0296875 0.03125
1 0.559375 0.85703125 0.0265625 0.028125
1 0.61953125 0.11640625 0.0515625 0.0515625
1 0.29921875 0.4859375 0.0375 0.0609375
1 0.38671875 0.2734375 0.028125 0.0546875
1 0.90859375 0.59921875 0.0265625 0.0265625
2 0.5296875 0.48125 0.034375 0.0421875
2 0.47109375 0.07109375 0.0578125 0.05625
2 0.7557601703125 0.1657197828125 0.7578790453125 0.1655716171875 0.8012524953125 0.149182809375 0.8163047750000001 0.12148855624999999 0.8150151109375001 0.10304550312500001 0.8474517796875001 0.1030939390625 0.87519706875 0.1023121671875 0.89691466875 0.0835197296875 0.8967630625 0.0813516625 0.83945561875 0.0550031625 0.7677897406249999 0.04611455 0.7199086390625 0.0239793953125 0.6961493671875 0.022682234375 0.692246625 0.022955140625000002 0.7172269265625 0.07397520937499999 0.738888759375 0.140801990625 0.7557601703125 0.1657197828125