1 0.435938815625 0.3197584234375 0.425200159375 0.3019563796875 0.41774863125 0.3016961671875 0.4009333328125 0.30168406718749996 0.3954886375 0.333660078125 0.4157975953125 0.353221965625 0.41634350624999994 0.35324102812499997 0.4272269921875 0.345490421875 0.433546275 0.34158724218750003 0.43564860312500003 0.3280690375 0.435938815625 0.3197584234375
1 0.40681718437500003 0.216888003125 0.3992166234375 0.21662258437499998 0.38440603125 0.21651670312500002 0.364118059375 0.23064739374999998 0.354323428125 0.25132750000000004 0.38783326093750004 0.26156518906250004 0.38900175312499996 0.26160599375000004 0.40788980781250006 0.2525797453125 0.40863656718749997 0.25093557031249997 0.40968203281250004 0.2209973671875 0.40681718437500003 0.216888003125
1 0.3121049609375 0.3073877234375 0.2980401703125 0.3068965703125 0.278684309375 0.30670796718750004 0.2866529890625 0.34410093124999996 0.29681561875 0.3475035703125 0.3182296859375 0.34825136562500003 0.3251421234375 0.33967162968750003 0.329518628125 0.322777353125 0.3297209890625 0.3169825125 0.3121049609375 0.3073877234375
1 0.39474416093750003 0.29059067656250004 0.3912718515625 0.28228058749999996 0.3824680359375 0.2651182484375 0.363227146875 0.269150021875 0.358359975 0.28230719843749996 0.3629592296875 0.3020665296875 0.37333950625 0.30952608125 0.37746504375 0.3096701484375 0.3928951734375 0.303111915625 0.3925196578125 0.305450646875 0.39440831875 0.30020793281249997 0.39474416093750003 0.29059067656250004
1 0.45574526718749997 0.24506146874999998 0.4535347859375 0.242318028125 0.448267665625 0.2341725453125 0.4431281 0.2329925609375 0.42759101250000003 0.23244999375000003 0.412555596875 0.2377512265625 0.40619363281250004 0.251640128125 0.40437072812499997 0.26176779687499996 0.41359833437500004 0.2667937265625 0.4173747828125 0.2688506109375 0.431812446875 0.2693547859375 0.43677035468750003 0.2679948984375 0.44855824375 0.2586071796875 0.45556602343749997 0.2501943734375 0.45574526718749997 0.24506146874999998
1 0.5234307578124999 0.23197365312499998 0.5152591140625 0.22399605 0.50018545625 0.2178865546875 0.487760040625 0.214514175 0.482168359375 0.2287174453125 0.4818014625 0.2504493390625 0.49643570625000005 0.2591038609375 0.5015834203125 0.259283621875 0.5074455421875 0.25692796093750003 0.5177064437500001 0.2549355125 0.522780778125 0.250586628125 0.5234307578124999 0.23197365312499998
2 0.51004715625 0.525610678125 0.5466237234375 0.53491959375 0.5801522640625 0.5497025515625 0.581198396875 0.5497390828125 0.5699553328125 0.53675748125 0.64733995625 0.5482530890625 0.6916725640625 0.5399848109375001 0.7688281781249999 0.5462487640625 0.7840225656250001 0.5150561812500001 0.7840457890625 0.5143911484375 0.7605245828125 0.4772437921875 0.6796776125 0.47442055468750005 0.6406921046875 0.4659199765625 0.6005176453125001 0.45737780937499994 0.5742056625 0.46092098437500006 0.543268653125 0.49464433750000003 0.49971418125 0.48062973593749997 0.46745143125000005 0.45005380156249997 0.45208267500000004 0.41292863906250005 0.446364971875 0.3402183296875 0.44404383125 0.3401372734375 0.3946595859375 0.35291724375 0.3800900140625 0.3968306234375 0.3800745484375 0.39727347968750004 0.3911735390625 0.452744584375 0.4131467625 0.5052711875 0.4647746453125 0.5267069609374999 0.51004715625 0.525610678125
2 0.812793290625 0.25634640000000003 0.8030279281249999 0.2560053859375 0.7822411218750001 0.2939034328125 0.7374375953125 0.29403792812499996 0.8009215656249999 0.304372246875 0.8449117484374999 0.3059084171875 0.8519269656249999 0.34363425468750003 0.8692317062500001 0.3594093578125 0.9092537187499999 0.3315330421875 0.9093830765625001 0.3278286984375 0.8895867375 0.28783561562500004 0.858201640625 0.26621441562500003 0.8298542250000001 0.259870034375 0.812793290625 0.25634640000000003
1 0.7641787124999999 0.313793771875 0.762498596875 0.3137351015625 0.7488740796875 0.32311314062499996 0.7460450671875 0.3393162515625 0.7458971156249999 0.34355305937499997 0.7476521421875 0.358104846875 0.7649863125 0.36697935625 0.7668903 0.3670458453125 0.7717554546875001 0.361007390625 0.77714221875 0.35391218750000003 0.7783156531250001 0.3203094125 0.7641787124999999 0.313793771875
2 0.6439347390625 0.3156942171875 0.6394031453125 0.2823164921875 0.6270560875 0.27334319375 0.5964068515625 0.264536984375 0.5928911328125 0.2644142125 0.5756112718749999 0.30715799062500004 0.5754590515625 0.311516990625 0.5969165578125 0.32069620625 0.6120574296875 0.322174053125 0.6439347390625 0.3156942171875
2 0.84684854375 0.775440859375 0.8325573578125001 0.7345603765625001 0.7969072953125 0.693751896875 0.7968112390625001 0.7351104453125 0.7586209453125 0.7670461234375 0.7821424421875001 0.8131624000000001 0.7856759578125 0.8132857921875001 0.7973403890624999 0.797171728125 0.823520534375 0.7810017218749999 0.846626178125 0.7818085890625001 0.84684854375 0.775440859375
2 0.9275336734374999 0.6587205828125 0.927652834375 0.6553082453125 0.9231365515625001 0.620068428125 0.8571491234374999 0.6042822484375 0.8301880015625 0.6296303046875 0.800410428125 0.63263504375 0.7697582671875 0.6349351078125001 0.7029289640624999 0.6608399640625 0.7248167484375 0.6859448828125 0.7252763921875001 0.6861004 0.73537780625 0.6864531484375 0.8043176687500001 0.6752392703125001 0.8145021359375001 0.6668317515625 0.883865609375 0.6631871359375 0.9275336734374999 0.6587205828125
2 0.5852873015625 0.6096621156250001 0.5555944484374999 0.5736912171874999 0.5781671234375 0.5669069078125 0.580314428125 0.52472083125 0.5493606 0.503858125 0.53830601875 0.5115646296875 0.5260763859375001 0.53361684375 0.53778556875 0.5843793359375 0.5369367859375 0.6472916890625 0.5298110406250001 0.6776146921875 0.5349129546875 0.724549771875 0.5686279109375 0.7369144015625 0.5732971906250001 0.73707745625 0.5811658453125 0.7126773875 0.56577669375 0.670778084375 0.5849717734375 0.6186976796875 0.5852873015625 0.6096621156250001
2 0.22326695624999998 0.32771890937500003 0.22260864374999997 0.346570525 0.2706824484375 0.38724074375 0.2743285140625 0.387368065625 0.27706966875 0.3472621921875 0.27745845625 0.33612880624999997 0.2488127875 0.3171514421875 0.22326695624999998 0.32771890937500003
2 0.11409175625000001 0.096351190625 0.10915955468750001 0.0961789546875 0.08605188124999999 0.1040839375 0.08159864375 0.1530036484375 0.11223882968750001 0.1828471203125 0.1302749953125 0.20685539687499999 0.1583589234375 0.231663434375 0.18882562187500002 0.23272735625 0.18980660625 0.20463561718749998 0.16525574375000002 0.170311746875 0.14440103437500001 0.14980174375 0.13220473906250002 0.1322915703125 0.11409175625000001 0.096351190625
2 0.253485209375 0.20840662656250003 0.25732431093749997 0.20854069218750002 0.2725260015625 0.1639758953125 0.273495740625 0.136206203125 0.273818103125 0.11949610156249998 0.26998334687500003 0.0941854 0.273038084375 0.064619425 0.27045576875 0.042049965625000005 0.23455283906250002 0.04709038125 0.2158419625 0.0858804359375 0.2156965015625 0.0900458859375 0.226532334375 0.122340703125 0.22524651406250001 0.15916181093749998 0.22120487031249997 0.1976850703125 0.253485209375 0.20840662656250003
2 0.3644978734375 0.16029252968750002 0.34110088906249997 0.1608236515625 0.30924501875 0.1718449 0.3165816015625 0.20748309687500002 0.3262202296875 0.20781968437499998 0.3948609375 0.1977037859375 0.39501369999999997 0.1933292515625 0.3843307296875 0.1845783375 0.3644978734375 0.16029252968750002
2 0.3539717515625 0.05537608125 0.36183945781250004 0.0240297734375 0.362101671875 0.016520934374999997 0.34844744375 0.0012328859375000001 0.31789934531249997 0.007359484375 0.3156600046875 0.0135754953125 0.31348139375 0.056659631249999995 0.325629634375 0.0948490609375 0.338177165625 0.137881871875 0.3409156640625 0.13797750312499998 0.35855172031250004 0.118178234375 0.3587510859375 0.1124691765625 0.3504779515625 0.0975151359375 0.3539717515625 0.05537608125
2 0.877254140625 0.3784702546875 0.8557089546875 0.385134071875 0.850209153125 0.396684296875 0.8607543140624999 0.4187906734375 0.8897141328125 0.419801971875 0.9128234984375 0.4083935765625 0.9130753109375 0.4011826328125 0.901854640625 0.375711615625 0.877254140625 0.3784702546875
2 0.25153040312499997 0.46690155312500004 0.24319627968750002 0.498447178125 0.24301465156250002 0.5036483390625001 0.2621620046875 0.524527015625 0.27017954375 0.5248069937500001 0.299464990625 0.5118296546875001 0.299659865625 0.5062491734375001 0.2901456796875 0.46387832187500005 0.25153040312499997 0.46690155312500004
2 1 0.35357291874999996 0.991004221875 0.3321522125 0.9401982609375 0.33037802968749996 0.901385578125 0.3493287921875 0.9055715 0.3794099625 0.9430658296875001 0.41963472812499997 0.9678006874999999 0.4319095296875 0.97013941875 0.4319912 0.9967048374999999 0.4045447078125 1 0.3933594296875 1 0.35357291874999996