2 0.4681557734375 0.3456696390625 0.45219373906250004 0.44121625781249996 0.5216852265624999 0.486737853125 0.5238595578125 0.48681378124999997 0.5294385125 0.45963393437500005 0.5662366703124999 0.43885814375 0.5672885625 0.4087358734375 0.5667738015625 0.391319534375 0.50818625 0.35334160937500003 0.4805415734375 0.3461021609375 0.4681557734375 0.3456696390625
1 0.374768459375 0.8469360796875 0.3739576171875 0.8601164984375 0.38559226406249997 0.8641833984374999 0.39487970781250004 0.8645077234375 0.41549322968749997 0.86047199375 0.4155700453125 0.858272265625 0.408181275 0.8483495281250001 0.39181925156249997 0.8401817765624999 0.3898472515625 0.8401129125000001 0.374768459375 0.8469360796875
1 0.9594379609375 0.6741043421875 0.9666785609374999 0.6476710046874999 0.955617140625 0.6378597890625 0.950089075 0.6376667453125 0.9373795250000001 0.6424342640625 0.9277057718749999 0.6631644734375 0.9365092296874999 0.6824331265625 0.9594379609375 0.6741043421875
2 1 0.0174497625 0.9767195140625 0.019612278125 0.9593662609375 0.023872509375 0.9154464125 0.046109659375 0.8422340859374999 0.11486560937500001 0.7556787875000001 0.1762745640625 0.5658650765625 0.315184928125 0.56271819375 0.40529986406249996 0.5606433703125 0.47035278125 0.6706405046875 0.47624956875 0.7214409703125 0.43155399687499996 0.766723728125 0.38371693281249997 0.8141971187499999 0.3134366171875 0.852759659375 0.2566072578125 0.8989253671874999 0.196915565625 0.9388377953125 0.15514645625 0.9829104031250001 0.12853580625 0.987704671875 0.09867688125 1 0.0711115375 1 0.0174497625
2 0.4626291453125 0.45087578281249996 0.46276734062499997 0.44691839531250005 0.42923889062500004 0.4420751328125 0.41644999687500006 0.422036653125 0.38580955 0.42096666562499996 0.3649368171875 0.456010765625 0.334098534375 0.42538571718749996 0.31441484375 0.4246983484375 0.304702990625 0.460942634375 0.3017549 0.48350979531249993 0.301429328125 0.49283296875 0.3065522390625 0.5151329890625 0.306653859375 0.5151365375 0.3609470515625 0.4896408015625 0.4224371765625 0.47560692031249996 0.44587013906250006 0.47642521875000005 0.4626291453125 0.45087578281249996
2 0.553802121875 0.23615375156249999 0.5299230953125 0.21336969374999998 0.5253737843749999 0.21321082812499997 0.509802503125 0.24733394999999997 0.50959750625 0.25320430625 0.5523641265625 0.33107980625 0.5973848875 0.3586824796875 0.648161646875 0.33140471875 0.6481881703125 0.330645178125 0.617505390625 0.3199875484375 0.58494459375 0.31181522031250003 0.5578801421875 0.2806183875 0.553802121875 0.23615375156249999
2 1 0.2188245078125 0.99871069375 0.21532669375000002 0.9987530515625 0.187901084375 0.9096394140624999 0.181289559375 0.8807916359375 0.1802821734375 0.8910854968749999 0.19976411875 0.9266311828125 0.24052380625 0.97094419375 0.3046849171875 1 0.3087184984375 1 0.2188245078125
2 0.4455030953125 0 0.4437472359375 0.050281253125 0.442935925 0.078971978125 0.4518061484375 0.078866309375 0.48011789374999997 0.0615760046875 0.4884027875 0.0464943859375 0.5148531937499999 0.0298887515625 0.514991725 0.025921759375 0.49732520312500006 0.013156053125 0.48780616875 0 0.4455030953125 0
2 0.6085609890625 0.184846740625 0.61577881875 0.2039392171875 0.6284974484375 0.2134420984375 0.6306579875 0.213517546875 0.6418291234375 0.209090075 0.6574682390625 0.1992130375 0.6575355953125 0.19728420468750002 0.64069296875 0.188651765625 0.6261037046875 0.1881060640625 0.612482721875 0.184983690625 0.6085609890625 0.184846740625
2 0.27297723125 0.5750230281250001 0.24653532031249997 0.5968429984375 0.2765655828125 0.6233070015625 0.311205146875 0.6444069015625 0.391949946875 0.5944636078125 0.39205230156250004 0.5915325375 0.355356475 0.5619676765625 0.32460980781250004 0.5360884546875 0.32310383125 0.5360358640625 0.27297723125 0.5750230281250001
2 0.13064173437499998 0.5557533015625 0.13062274375 0.5562971265625001 0.1774022171875 0.5579307015625 0.236421259375 0.5489891515624999 0.253695309375 0.5241306828125001 0.25389884375 0.5183022171875 0.22916146406250001 0.48741520468750005 0.21570948437499998 0.48694545156249996 0.20014756875 0.49026182656249995 0.13064173437499998 0.5557533015625