2 0.69271338125 0.4334607375 0.7205364859375 0.41993561718750005 0.7328125 0.41516161093750004 0.7328125 0.40805775312500003 0.7287803703125 0.3921125125 0.7102316328125 0.3758823671875 0.6880761953125 0.372018046875 0.655100665625 0.37085875156250003 0.6339757140625 0.3526964453125 0.5912105703125 0.34883212656249996 0.5551435828125 0.340717053125 0.543293 0.35385574218750004 0.5365948453125 0.381678846875 0.5556588234375 0.403319040625 0.57369231875 0.41993561718750005 0.5968782390625 0.4419622421875 0.6030611515625 0.453555203125 0.6127665515625 0.4546875 0.6327286187500001 0.4546875 0.6437653265625001 0.452009475 0.6746798875 0.43887078593749995 0.67416464375 0.441189378125 0.69271338125 0.4334607375
2 0.6762074375 0.6515625 0.7107285171875 0.641206175 0.7169934203125 0.5959814 0.7138609703125 0.5777740234375 0.6997649359375 0.5489946203125 0.685823284375 0.5452303749999999 0.664631271875 0.5452303749999999 0.6441639125 0.5472326171875 0.6065744890625 0.5589793109375 0.5838642125 0.5754246843749999 0.5689850640625 0.59480673125 0.5611539359375 0.6229987984375 0.5517565796875 0.6388568359375 0.5583856218750001 0.6515625 0.56228441875 0.6515625 0.5689850640625 0.650016196875 0.6003095859375 0.6511908671875 0.6186434828125 0.6515625 0.6762074375 0.6515625
2 0.8739249453125 0.6298526734375 0.875 0.616474209375 0.875 0.5989503265625 0.8544476109374999 0.58981593125 0.83943383125 0.5995545984375 0.8365933859375 0.6260654140625 0.8199564984375 0.6336399328125 0.810445915625 0.6422447453125 0.810445915625 0.648307659375 0.8158987203124999 0.6612328234375 0.8195507203125001 0.670971490625 0.829695165625 0.6774639359375 0.8335623890624999 0.678125 0.8579948187499999 0.678125 0.8658093890625 0.6742177140625001 0.875 0.644914315625 0.875 0.6427533359375001 0.8739249453125 0.6298526734375
2 0.48125 0.8334237359375001 0.48107967812499997 0.8316069703125001 0.474661425 0.7980894203125 0.4682431703125 0.7745558234375001 0.4618249171875 0.7738426859375 0.45433695468749996 0.7959500046875 0.4447095734375 0.8087865109375001 0.4286639390625 0.7959500046875 0.416897140625 0.795236865625 0.410339634375 0.8027311578124999 0.410339634375 0.805903575 0.41475772187500004 0.8159179062499999 0.424385103125 0.8387383625 0.4265245203125 0.848009175 0.42812908437499997 0.8629851000000001 0.43521322500000004 0.871875 0.45564057187499996 0.871875 0.46503404374999996 0.8537142890625 0.46984773437499994 0.8530011484375001 0.48125 0.84920039375 0.48125 0.8334237359375001
2 0.3257411265625 0.8231898765624999 0.3307331015625 0.8092836625000001 0.323601709375 0.796982009375 0.30862578125 0.796982009375 0.29935497187500004 0.79805171875 0.294362996875 0.793238028125 0.28010021093750004 0.7964471546875 0.2708293984375 0.808213953125 0.27867393125 0.824794440625 0.274230771875 0.834375 0.28022506875 0.834375 0.2843790453125 0.8328172593750001 0.301494390625 0.8338869671875001 0.31789659375 0.826933859375 0.3257411265625 0.8231898765624999
2 0.3250827609375 0.4890060421875 0.2979442953125 0.49135456250000004 0.2822897609375 0.51875 0.329260559375 0.51875 0.35 0.48764083906250005 0.35 0.48278148749999994 0.3483211 0.48278148749999994 0.3250827609375 0.4890060421875
2 0.3870501890625 0.6795828140625 0.3753075828125 0.680626603125 0.3682620171875 0.6774952390625 0.3612164578125 0.6722763031250001 0.3471253328125 0.6816703890625 0.34287378125 0.692063065625 0.34287378125 0.69335004375 0.3494738484375 0.6962834078125 0.3612164578125 0.693152046875 0.363564978125 0.6889768984375 0.37061054375 0.6983709828125 0.3763167609375 0.725 0.38093111562500004 0.725 0.3953125 0.7157959125 0.3953125 0.7105444765625 0.39174723125 0.6962834078125 0.3870501890625 0.6795828140625
2 0.4475589828125 0.9309693906250001 0.44599330156250006 0.9080060718749999 0.43346785624999995 0.8871303296875 0.4151076859375 0.8832134937499999 0.4151076859375 0.89694709375 0.41624536875 0.9100936468749999 0.42642229374999996 0.9320131765624999 0.42485661406249997 0.95915164375 0.4283203015625 0.9859375 0.431601540625 0.9859375 0.438947740625 0.976896025 0.4515625 0.9561187765625 0.4515625 0.9514318062499999 0.4475589828125 0.9309693906250001
2 0.4265625 0.9766907421875001 0.41849700156249997 0.9692973703125001 0.39970883281249997 0.963034646875 0.3850958140625 0.9739944125 0.3757017296875 0.98260565625 0.38323171093749997 0.9953125 0.38805106562499997 0.9953125 0.3976212578125 0.991999740625 0.41849700156249997 0.9880855390625 0.4265625 0.9793479171874999 0.4265625 0.9766907421875001
1 0.8797383921874999 0.3857394046875 0.8828125 0.3696003390625 0.8828125 0.3689133 0.8818259656249999 0.36225419531249997 0.8578188609374999 0.348945909375 0.843205840625 0.35129443125000004 0.8265625 0.359876153125 0.8265625 0.3819712 0.83172418125 0.3951334890625 0.8574220374999999 0.3984375 0.869391796875 0.3984375 0.8797383921874999 0.3857394046875
1 0.15498820625 0.846796240625 0.1570757796875 0.8186139875 0.1591633546875 0.8076542218749999 0.1530187046875 0.793828759375 0.152015084375 0.793828759375 0.1320248890625 0.79982581875 0.1111491453125 0.8272252312499999 0.126805953125 0.8428820390625 0.15498820625 0.846796240625
2 0.4671875 0.604629453125 0.46330669531249996 0.5988082453125 0.44034337656250006 0.5972425640625 0.434375 0.60321094375 0.434375 0.6072581687499999 0.43512444375000003 0.6168135734375 0.45704397343750003 0.6199449359375 0.4671875 0.605490409375 0.4671875 0.604629453125
2 0.43338629375000004 0.6431245546875 0.43413925937500003 0.6369125890625 0.42736256875 0.631265346875 0.4205858796875 0.631265346875 0.41493863593749997 0.6326771578125 0.41192677343749995 0.6349360546875 0.407032496875 0.6397362109375 0.4013852546875 0.6484894359375 0.400276603125 0.65625 0.4096896296875 0.65625 0.41757401562499996 0.653007228125 0.4205858796875 0.6527248671875 0.4262331203125 0.6465129000000001 0.43338629375000004 0.6431245546875