1 0.42973389375000004 0.5252755859375 0.4122863546875 0.5322581046875 0.40771598906250006 0.5466377890625 0.4078030640625 0.5478830234375 0.4179291796875 0.5592246671875001 0.4462938140625 0.5580459796875 0.4523048421875 0.534706821875 0.45210278437499996 0.5318172624999999 0.447678584375 0.5317950890625001 0.4453740796875 0.5295420234375 0.43127884375000003 0.525167553125 0.42973389375000004 0.5252755859375
1 0.6828446265625 0.45709811875 0.678573059375 0.4708152296875 0.6867141703125 0.4836643609375 0.7116787015625 0.4781614921875 0.7139265171875 0.4681807796875 0.7130269734375 0.45531669375000006 0.704386021875 0.4528153125 0.694798146875 0.4534857625 0.6887761078125 0.45560985 0.6828446265625 0.45709811875
1 0.6567599109375 0.2911414296875 0.6554570515625 0.2955264234375 0.6554405828125 0.3067990359375 0.6740193750000001 0.313550928125 0.6871209109375 0.3110245734375 0.687230575 0.31040455312500004 0.685084075 0.27970819062499996 0.676796990625 0.277750878125 0.6711864140625 0.2781432078125 0.662531553125 0.2816133125 0.6567599109375 0.2911414296875
1 0.63941061875 0.5903387875 0.6517085109375 0.595451715625 0.664798940625 0.59055443125 0.66959706875 0.5737934953125 0.6573587953125 0.564196740625 0.6485236249999999 0.561664728125 0.6423507515625 0.5620963765625 0.636564875 0.5656507921875 0.6295388046875 0.5825675203125 0.63163785625 0.5859049140625 0.63941061875 0.5903387875
1 0.2613656828125 0.44378785625 0.2577466703125 0.4564714453125 0.26371490937500003 0.4567923359375 0.2717154140625 0.45840112031249997 0.284795953125 0.45748643906249997 0.28535795625000004 0.45743772031249996 0.2968069078125 0.45231950625 0.2974802015625 0.448550003125 0.2968108484375 0.438977796875 0.29183461718750003 0.434749065625 0.2879858375 0.43337707031250006 0.271579128125 0.4345243390625 0.2613656828125 0.44378785625
1 0.27997472968750003 0.5118010546875 0.28051882968749997 0.5195820390625 0.280702478125 0.520748978125 0.28746244062500004 0.5217161375 0.2916317109375 0.5241816 0.3147842453125 0.5225626171875 0.3158294171875 0.5093618109375 0.31563735312499996 0.5066151796875 0.31181423750000004 0.502195021875 0.284277846875 0.5041205546875 0.28178871875 0.5054105015625 0.27997472968750003 0.5118010546875
1 0.6306773437500001 0.5185547203125 0.6319714828125 0.537061778125 0.6398092328125 0.54660953125 0.6538681171875 0.5482832328125 0.6671396203125 0.538275690625 0.6661513546875 0.5241428171875 0.66318215 0.5162817625 0.6526924968750001 0.5143837484375 0.640309975 0.51524961875 0.6306773437500001 0.5185547203125
1 0.5698948359375 0.49640505625 0.5689991171875 0.5085843609375 0.5691965515625 0.5114078203125 0.582551284375 0.5178269515625 0.5959434421875 0.5221311625 0.610097125 0.506507403125 0.6096397125 0.49996611562500004 0.6047682375 0.48599967031249997 0.59992506875 0.48518098125 0.5837940421875001 0.48630897187500005 0.5698948359375 0.49640505625
2 0.288849015625 0.3763899640625 0.285631059375 0.406986996875 0.3016151859375 0.4344546921875 0.309657153125 0.424959403125 0.31745047187500003 0.4119083109375 0.32376922656249996 0.387347515625 0.29780604374999997 0.370403878125 0.3088519328125 0.34640580781249997 0.3296422671875 0.348505096875 0.328267915625 0.3288509484375 0.3050175328125 0.3084471765625 0.301614471875 0.3086851421875 0.2963141734375 0.34906912968750003 0.288849015625 0.3763899640625
2 0.427799290625 0.31865722500000004 0.4024994640625 0.3204263609375 0.38973470468750004 0.3480751796875 0.38986442656250003 0.3499302921875 0.4293084921875 0.340239815625 0.427799290625 0.31865722500000004
2 0.43101320625 0.3155176625 0.43059814999999996 0.321260765625 0.4319184640625 0.3401421421875 0.4339991921875 0.3454447390625 0.45879299375000004 0.35509563125 0.4700696953125 0.35028898124999996 0.4789131796875 0.3328405375 0.4785627484375 0.3278291453125 0.472005796875 0.31892220312499997 0.457646465625 0.3087385296875 0.44669065 0.309504634375 0.43101320625 0.3155176625
2 0.49368469062500003 0.163683784375 0.48897964531250004 0.16401279375 0.47891400156249997 0.21147650156250003 0.47836176718749995 0.2418871265625 0.49345832968750003 0.2470845375 0.5039520343749999 0.2534970921875 0.52289533125 0.275398078125 0.5456333375 0.28452755 0.55449354375 0.25800251093750004 0.572105121875 0.254388075 0.5715885109375 0.24700017968750002 0.56614374375 0.23306893906249998 0.54059106875 0.17411176875 0.5179325234375 0.175696209375 0.49368469062500003 0.163683784375
2 0.571320284375 0.1278721203125 0.5901942046875 0.1104730078125 0.5779151828125 0.0881060078125 0.5671106734375 0.077248684375 0.5323631953125 0.0654338765625 0.52904696875 0.06566577031250001 0.5087758890625 0.08579431875 0.5063486703125 0.11812261875 0.5418558328125 0.118319625 0.571320284375 0.1278721203125
2 0.429310725 0.265482984375 0.43501368906250004 0.2831657015625 0.45798650625 0.2795502578125 0.46487307656250004 0.2664538515625 0.4640264921875 0.2543471203125 0.46323402812500003 0.25239586875 0.4564519734375 0.25086838437500003 0.437709940625 0.2521789546875 0.429310725 0.265482984375
1 0.399267928125 0.8066139218749999 0.39958730781249996 0.8111812640625 0.41751998593749995 0.83083426875 0.4345300640625 0.838367596875 0.4568721203125 0.8240154953125 0.45634134375 0.816425015625 0.4464245203125 0.7888157765625 0.43632677812500004 0.7895218796875 0.40198825937500005 0.8028445078124999 0.399267928125 0.8066139218749999
1 0.333953628125 0.8922257515625001 0.324160528125 0.8959818328125 0.32365833125 0.9069721187500001 0.3387944546875 0.9235372921874999 0.36773615312499996 0.9156724 0.3675995734375 0.913719221875 0.3665501859375 0.9115938437500001 0.360232590625 0.8939357328125 0.34821295 0.8912286421875001 0.333953628125 0.8922257515625001
1 0.2919198796875 0.881015134375 0.2862566078125 0.8953889015625001 0.29245555625 0.91592210625 0.3167123203125 0.923191375 0.31813288906250003 0.9230920390625 0.3155075265625 0.8855475875 0.30833757500000003 0.8767875296875 0.304724490625 0.8770401812499999 0.2919198796875 0.881015134375