1 0.9173310546875 0.449763328125 0.9097932703125 0.4332728125 0.8995412187499999 0.41145148281250005 0.8913155749999999 0.4043863484375 0.8818497265625 0.40857438593750006 0.8933607875 0.4428658125 0.892632784375 0.43945144375 0.904813646875 0.4545622359375 0.9173015843749999 0.45060727656250005 0.9173310546875 0.449763328125
1 1 0.3439124953125 0.9995222625 0.343270621875 0.9770671015625 0.3278275109375 0.9548875203125 0.3220169234375 0.9542439515625001 0.3219944484375 0.9514407359374999 0.3322832328125 0.9510929421875 0.342242765625 0.9512325859375 0.3433088921875 0.9657397203125001 0.355887578125 0.972569503125 0.3578506625 1 0.3531671203125 1 0.3439124953125
1 0.91780796875 0.2660012421875 0.9111182015624999 0.2684690984375 0.9048688921875 0.278012353125 0.90452950625 0.287731096875 0.904605740625 0.2882533546875 0.90847168125 0.302578453125 0.9273687671875 0.3032383546875 0.9345838093750001 0.29111945625 0.9438301953125 0.2785774328125 0.9441078640624999 0.270626025 0.9440796546874999 0.269256290625 0.9368876890625 0.2668220484375 0.9356171984375001 0.26662315468750003 0.91780796875 0.2660012421875
1 0.4432409296875 0.23535792500000002 0.4383690859375 0.25104288124999996 0.43352236250000004 0.2592348296875 0.43651450625 0.2715010625 0.44080449218749995 0.2792519640625 0.45072268125 0.27275733281250003 0.460534825 0.26929943437500004 0.467354825 0.253575303125 0.47295651562499996 0.24008895468749997 0.470067190625 0.2362947171875 0.4432409296875 0.23535792500000002
1 0.5590693484375 0.360028121875 0.5543443484374999 0.376466903125 0.554245271875 0.3793040921875 0.5564332921874999 0.3865398875 0.5644312265625 0.3860590734375 0.5754086578125001 0.381881759375 0.5812085765624999 0.3790438578125 0.5906899359375 0.368733428125 0.5943271140624999 0.35079574999999996 0.5944067609375 0.34851496718749997 0.576892628125 0.3479033609375 0.5696364578125 0.3512758234375 0.5590693484375 0.360028121875
1 0.3677439984375 0.41546684218749996 0.351403478125 0.42629785625 0.3450118765625 0.435195965625 0.34101988125 0.44113874218750004 0.340903034375 0.44448481875 0.3514312234375 0.4510216171875 0.356510690625 0.451198996875 0.367449359375 0.44567089062500004 0.383630809375 0.4393949765625 0.3937189125 0.43347636093749997 0.394664484375 0.42744579375 0.39514222499999996 0.4137650828125 0.389700253125 0.41015836562499997 0.3861593125 0.4100347125 0.3677439984375 0.41546684218749996
1 0.2898281546875 0.4296211875 0.28976952968749997 0.4312999890625 0.29569025625 0.4376491921875 0.3222616734375 0.43857708593750006 0.32144283906250004 0.4402587390625 0.3316701265625 0.4303544078125 0.3409791609375 0.42497866875 0.33401386718750004 0.411340659375 0.3279782234375 0.41112988906250003 0.30024174531250003 0.41614502499999995 0.2954679265625 0.42224921875000004 0.2898281546875 0.4296211875
1 0.09735007031250001 0.5689020421875 0.1099567515625 0.5693422765625 0.11506939062499999 0.568462084375 0.134247809375 0.5634309921875 0.13900174375000002 0.557896184375 0.13856069531249998 0.5487594734375 0.13619258125 0.548270209375 0.1083851296875 0.5472991515625 0.09812514375 0.5530482515624999 0.097875003125 0.55386994375 0.09735007031250001 0.5689020421875
1 0.0075902515625 0.38257078125 0.006292409375 0.38708611406250004 0.018421265625 0.3989113015625 0.028336139062499998 0.40222960937499996 0.028649795312499997 0.4022405625 0.036178321875 0.396490953125 0.0396934953125 0.3736374546875 0.039792321874999995 0.3708074484375 0.0383775484375 0.3661633890625 0.028287640625 0.3612503859375 0.009954429687499999 0.351557228125 0.009794095312499999 0.3515516296875 0.0047041515625 0.3672678140625 0.008133128125 0.38334984843750003 0.0075902515625 0.38257078125
1 0.1501956515625 0.6253683750000001 0.13817804218750002 0.6249487109375 0.123361334375 0.6299224328124999 0.1232791078125 0.6322770734375001 0.12493741093749999 0.6336137171875 0.1255176421875 0.638764715625 0.1310343734375 0.6549196562499999 0.1415038703125 0.6598459140624999 0.16112333750000002 0.6639515312500001 0.1735287578125 0.6569736749999999 0.1755640921875 0.6422226234374999 0.17056794375 0.63292684375 0.1609172796875 0.626318934375 0.1501956515625 0.6253683750000001
1 0.31358578593750003 0.088556096875 0.309576178125 0.08982595 0.299631478125 0.09707976406249999 0.2917257265625 0.1112457640625 0.30025267968749997 0.12826593125000002 0.30350993593750003 0.13294033125 0.31697700625 0.12276908281250001 0.3244724390625 0.104028103125 0.3310008125 0.0966549875 0.320507246875 0.08879780000000001 0.31358578593750003 0.088556096875
1 0.37731589374999996 0.0767105296875 0.3644304375 0.07626055937500001 0.356634753125 0.08353015312499999 0.3565934515625 0.0847128875 0.3604616390625 0.09097844375 0.368355334375 0.10436597968750001 0.3830265140625 0.1098949953125 0.3834291171875 0.10990905468750001 0.3857767859375 0.10611451406250001 0.3850374859375 0.105518615625 0.402117303125 0.0952835 0.394883371875 0.084769415625 0.383734221875 0.07753909375 0.37731589374999996 0.0767105296875
1 0.314783625 0.0708379078125 0.3295698359375 0.0734797484375 0.3307030828125 0.073519321875 0.33379508750000003 0.06510006406249999 0.3342612390625 0.0517512609375 0.330621640625 0.041746725 0.3252193859375 0.0331968765625 0.3116917671875 0.029078765625000003 0.311057278125 0.029056607812500003 0.306111465625 0.0416509203125 0.3049991984375 0.0408519703125 0.3090505859375 0.055435521875000004 0.314783625 0.0708379078125
1 0.0358140078125 0.10891380937499999 0.036917271875000005 0.077320453125 0.035169284375 0.0710163171875 0.0341934796875 0.070982240625 0.0174638015625 0.08071747812499999 0.017212268750000002 0.087920421875 0.0243120515625 0.09976816250000001 0.0298177265625 0.11616955625 0.030366603125000002 0.1161887234375 0.0358140078125 0.10891380937499999
1 0.60289903125 0.50850925625 0.585476684375 0.5045483640625 0.57912174375 0.5043264453125 0.56835523125 0.51250475 0.5681560734375 0.5182078453125001 0.568660421875 0.5190852578125 0.5846648921875001 0.5338940296875 0.5960430546875 0.53924784375 0.6124434875 0.5468321765625 0.61283514375 0.546845853125 0.6217539640624999 0.5391719109374999 0.62202289375 0.5314707750000001 0.6211950468749999 0.5286643093750001 0.6140719078125 0.519741725 0.60289903125 0.50850925625