1 0.296875 0.2484375 0.0375 0.046875
1 0.44609375 0.68515625 0.0234375 0.04375
1 0.46640625 0.54765625 0.0296875 0.021875
1 0.73984375 0.525 0.034375 0.0328125
1 0.0734375 0.52890625 0.021875 0.0234375
1 0.27578125 0.36484375 0.0296875 0.0296875
2 0.303125 0.60859375 0.0296875 0.0171875
2 0.353125 0.615625 0.025 0.0265625
2 0.1322935375 0.290726403125 0.13241507187499998 0.293045428125 0.1447237609375 0.2960942796875 0.15769767031249998 0.2841690828125 0.177191221875 0.281624690625 0.1770805546875 0.27951305 0.171209071875 0.262539653125 0.15120449062500002 0.266726253125 0.1358101125 0.279039753125 0.1322935375 0.290726403125
1 0.49392313125 0.4872586765625 0.4854763109375 0.5096337015625 0.52606891875 0.51327795625 0.5266908046875 0.501752628125 0.525743603125 0.48367895 0.516271965625 0.48037149062499995 0.505567846875 0.4809324703125 0.49392313125 0.4872586765625
2 0.89296875 0.52734375 0.0421875 0.04375
2 0.89921875 0.60390625 0.034375 0.0328125
2 0.89453125 0.925 0.0328125 0.0328125