1 0.881725809375 0.796477734375 0.8736915453125 0.790050284375 0.8624434593749999 0.796477734375 0.8609375 0.806015625 0.8609375 0.815625 0.8759443750000001 0.815625 0.881725809375 0.796477734375
1 0.8815935296875 0.8810141687499999 0.8848072546875001 0.86936439375 0.8698098671875 0.8689627015625 0.8609375 0.8713824546875 0.8609375 0.8828125 0.8696047468750001 0.8828125 0.8815935296875 0.8810141687499999
1 0.93046875 0.76640625 0.0234375 0.0234375
1 0.90703125 0.9609375 0.0234375 0.01875
2 0.8859375 0.35717470156250003 0.8859375 0.3684082921875 0.8936099671875001 0.413978034375 0.8918719718749999 0.45916557343750003 0.8859375 0.5258578968750001 0.8859375 0.5279660921875 0.8928466015625001 0.5484375 0.8965503328125 0.5484375 0.9162037515625 0.5333194953125 0.9092518078125 0.49855985 0.90838283125 0.4452617140625 0.90838283125 0.4012328390625 0.919921875 0.388924525 0.919921875 0.35669063125 0.9171597265625 0.35669063125 0.8859375 0.35717470156250003
2 0.9196186234375 0.522648146875 0.9230946140625 0.5469799 0.9230946140625 0.5747876171875 0.932653490625 0.588691478125 0.9343915265625 0.6002780359375001 0.921356659375 0.6072299625 0.90310784375 0.6280857515625 0.8796875 0.6522615671875001 0.8796875 0.6562638265625 0.9091907296875 0.6593694328125 0.9587232265625 0.5933261062499999 0.9500333671875 0.5608837609374999 0.94916435 0.528441440625 0.93921249375 0.4974800984375 0.9378108328125 0.4974800984375 0.9343915265625 0.502951021875 0.9196186234375 0.522648146875
2 0.734506634375 0.5227766921875 0.782301134375 0.5158247609375 0.805763896875 0.549425771875 0.8048949171875 0.5459498046875 0.8064734890624999 0.5515625 0.8071965453125 0.5515625 0.8071965453125 0.5245929406250001 0.7909910328125 0.48569974531250004 0.7796941625 0.46831992031249997 0.7553624218749999 0.4694785828125 0.7318996609374999 0.47758915156250004 0.725 0.4904684890625 0.725 0.4984007828125 0.734506634375 0.5227766921875
2 0.9966707203125 0.08163592187499999 0.9966707203125 0.0729195703125 0.9934358734375 0.049871346875 0.9885198374999999 0.049871346875 0.8622620375000001 0.09722580625 0.8379302843750001 0.14328233125 0.818233134375 0.1849939078125 0.7892667796875 0.2432163234375 0.7915840796875 0.2579891859375 0.8193917984375 0.251906221875 0.8356129578125 0.2588581640625 0.8286610281250001 0.294486815625 0.8495168156249999 0.28927286875 0.877324534375 0.27189303125 0.877324534375 0.276238 0.8645793390625001 0.32837747031250003 0.887752428125 0.3448882890625 0.9453031953125001 0.3484375 0.9966707203125 0.3484375 0.9966707203125 0.2849792953125 0.9283053671875001 0.2627605421875 0.9016562875 0.25233264843750003 0.8692139671874999 0.22626291406250001 0.8483581796875 0.19758620468750002 0.8970216843750001 0.1271979203125 0.9410505625000001 0.1054731546875 0.9966707203125 0.08163592187499999
2 0.6844932546875 0.73890021875 0.688695265625 0.714388675 0.69499823125 0.68217353125 0.6724125875 0.68217353125 0.6640625 0.6800860140625 0.6640625 0.7443439453125 0.6729378515625 0.7816203046875 0.7097051171875 0.8033305234375 0.74995006875 0.8140625 0.7598724765625 0.8140625 0.7905931859375 0.8075325 0.8021486390625 0.7816203046875 0.77588625 0.76341174375 0.7769367765624999 0.7662130671875 0.750149175 0.7900242578125 0.7223110453125 0.7837212906250001 0.696573971875 0.7676137203125 0.6844932546875 0.73890021875
2 0.6581291515625 0.72587615625 0.6513009703125 0.7652696890625 0.6633646390625 0.7671875 0.686091075 0.7671875 0.6948964640625 0.719573190625 0.6875430203125 0.675452434375 0.6717856078125 0.6159244078125 0.64027078125 0.6082208062500001 0.6375 0.62135635 0.6375 0.634126840625 0.661805896875 0.6775534234375 0.6581291515625 0.72587615625
1 0.48515625 0.8578125 0.021875 0.015625
1 0.53671875 0.8359375 0.0265625 0.01875
1 0.4859375 0.81875 0.021875 0.015625
1 0.51484375 0.984375 0.0234375 0.015625
2 0.42109375 0.91796875 0.0453125 0.0359375
1 0.4838947765625 0.78598216875 0.49841099531250005 0.79215155 0.49841099531250005 0.778843421875 0.48897435468749995 0.76878595 0.48622137343749994 0.76878595 0.4765625 0.770457678125 0.4765625 0.7733663328125 0.4838947765625 0.78598216875
1 0.62578125 0.9578125 0.021875 0.0125
1 0.5640625 0.88046875 0.025 0.0109375
1 0.41796875 0.3109375 0.0234375 0.015625
1 0.3515625 0.36796875 0.01875 0.0109375
1 0.3234375 0.34765625 0.01875 0.0171875
1 0.3296875 0.265625 0.01875 0.01875
1 0.91640625 0.890625 0.0203125 0.021875
1 0.76796875 0.8609375 0.0203125 0.01875
1 0.66484375 0.475 0.0171875 0.01875
1 0.6 0.48671875 0.01875 0.0140625
1 0.384375 0.32421875 0.021875 0.0203125
1 0.334375 0.06328125 0.025 0.009375
1 0.4453125 0.078125 0.025 0.015625
1 0.48828125 0.07265625 0.0265625 0.0140625
1 0.425 0.290625 0.01875 0.01875
1 0.2953125 0.7375 0.021875 0.01875
1 0.275 0.7046875 0.028125 0.01875
1 0.2703125 0.62421875 0.015625 0.0171875
1 0.19609375 0.803125 0.0203125 0.01875
1 0.24765625 0.80859375 0.0140625 0.0171875
1 0.4546875 0.67734375 0.021875 0.0140625
1 0.425 0.67578125 0.021875 0.0140625
1 0.478125 0.93828125 0.021875 0.0171875
1 0.95078125 0.725 0.025 0.009375
1 0.98671875 0.72578125 0.0171875 0.0171875
1 0.984375 0.85078125 0.01875 0.015625