1 0.369719840625 0.547044446875 0.362664509375 0.55008969375 0.35785482968750004 0.554948415625 0.3470302875 0.5696504484375 0.348251403125 0.5789731140625001 0.355894415625 0.5815600187500001 0.35993293125000003 0.5840210515625001 0.37432396562500003 0.5852969328125 0.385962584375 0.5768100078125 0.39447244375 0.5670001515624999 0.394776834375 0.5582835625 0.39253038125 0.5511326328124999 0.3853213765625 0.5508808890625 0.37630391093750004 0.5472743671875 0.369719840625 0.547044446875
1 0.42146172968749995 0.6130664328125001 0.415392921875 0.6244545328125 0.4115861265625 0.630121609375 0.41417670624999997 0.6445187734375 0.42841939062499995 0.65004281875 0.43680660156249995 0.6460823625 0.447822403125 0.6406670296875 0.449846059375 0.6378497796875 0.450568840625 0.6171520375 0.449769325 0.614441621875 0.447078159375 0.6107205015625 0.4289108828125 0.6100860875 0.42146172968749995 0.6130664328125001
1 0.34686325625 0.6348483484375 0.3241659296875 0.6352157453125 0.32513080625 0.65187614375 0.3317035046875 0.655585675 0.34326365625 0.664109384375 0.3545381453125 0.66604976875 0.3723137203125 0.6642859296875 0.37306094375 0.6428882390624999 0.365929109375 0.6351274765625 0.3631601984375 0.6343687140625 0.348994753125 0.6338740453125 0.34686325625 0.6348483484375
1 0.6194155859375 0.0398247171875 0.61005395625 0.0532519078125 0.610422171875 0.053780321875 0.6089069125 0.0638209046875 0.6087603406250001 0.06801818281250001 0.6098287765625 0.07077297187500001 0.6210010953125 0.0830209265625 0.6248630609375 0.0831557890625 0.6310516078124999 0.07202964687499999 0.6322918984375 0.069512121875 0.6327190578125 0.05727990937500001 0.63217505625 0.050931053125 0.628915065625 0.0446305296875 0.6220634828125 0.039917184375 0.6194155859375 0.0398247171875
1 0.4751749140625 0.3334071328125 0.47369232187500004 0.333355359375 0.46779818593750006 0.3390555421875 0.466834128125 0.3666625328125 0.46762989375 0.3755351640625 0.4699737 0.384757028125 0.4756615421875 0.3854634328125 0.48692185468750004 0.3820234671875 0.48730132187499997 0.3711569421875 0.48725901250000003 0.36961950312499997 0.48650753125 0.358422128125 0.48765790156250005 0.347291165625 0.4751749140625 0.3334071328125
2 0.71607614375 0.5695801453125 0.70677958125 0.565319946875 0.693375059375 0.573510071875 0.6899787578125001 0.576178478125 0.6899301890625 0.577569328125 0.7095011625 0.5925703171875 0.710773903125 0.5930989640625 0.716096409375 0.5932848296875 0.72162413125 0.5910258859375 0.7213471078125 0.583932209375 0.71607614375 0.5695801453125
2 0.8522196624999999 0.610163871875 0.8488191281249999 0.6091864546875 0.8393642 0.6026309484375 0.8344477343750001 0.6023594125 0.8198228750000001 0.6018487015625 0.816262090625 0.6081288515625001 0.8159457625 0.6171873296875 0.8234514765625001 0.6225401515625 0.8317644578125 0.630407853125 0.834052559375 0.63048775625 0.8505263125000001 0.6286018484375 0.8535754703125 0.627578296875 0.8539705703125 0.6162641078125 0.8522196624999999 0.610163871875
2 0.8110815953125 0.5555596390625 0.826527665625 0.5585543921875 0.8308279093750001 0.5587045609375 0.8301414234375001 0.5507154453124999 0.8251612140625 0.5430639796875 0.8174506796875001 0.538465609375 0.8035195625 0.5316822359375 0.813974140625 0.5328344281249999 0.8157014734375 0.5266590625 0.8008753093750001 0.526141321875 0.798388359375 0.52835460625 0.7835762515625 0.5317729109375 0.7957703453125 0.5432182937500001 0.8110815953125 0.5555596390625
2 0.74779400625 0.6194130375 0.7507601734375 0.6246328390625 0.7499752671875 0.632082984375 0.7423633140625 0.6396882796875001 0.742736425 0.6440304203125 0.7520055343750001 0.6490767703125 0.773974125 0.6360694875 0.7722620640625 0.624990146875 0.7691998124999999 0.6225218781249999 0.7758831671875 0.6138238109375 0.7759755046875 0.6111796234375 0.7671009125 0.6074934734374999 0.75355663125 0.6046591640625001 0.745930953125 0.612657534375 0.74779400625 0.6194130375
2 0.6348772078125 0.5041047453124999 0.6199390671875 0.49610553749999997 0.59734779375 0.49689085468750005 0.592338615625 0.49978353281250004 0.5922891109374999 0.5012011609375 0.6084936859375001 0.5082996343749999 0.6113225843750001 0.5174501968749999 0.610469046875 0.5268657234375 0.6237815203125 0.5308917125 0.62843726875 0.5310542953125 0.6317350937499999 0.518950128125 0.6262582328125 0.5104942078125 0.625415928125 0.504561459375 0.6388915749999999 0.5093611515625 0.6438281156250001 0.5032366500000001 0.651483740625 0.5094073234375001 0.6555941953125 0.5119121953125 0.6720771875 0.5207524609374999 0.6857038281250001 0.5212283140625 0.691839559375 0.5108165796875 0.6824606390625 0.5089148375 0.6774529734375 0.5020495234375 0.6671631140625001 0.4961804140625 0.6599904109375 0.491207271875 0.643065675 0.47999025 0.6240744796875 0.4828690640625 0.6298695453125001 0.497239428125 0.6348772078125 0.5041047453124999
2 0.5849479468750001 0.4162262484375 0.579213709375 0.43184007031249994 0.578614125 0.44900994687500007 0.579576903125 0.4601617078125 0.5820718281249999 0.4711197203125 0.5909394156250001 0.46439527968750005 0.6019708734375 0.44530709062499996 0.6020133984375 0.4440893265625 0.5981596062500001 0.4224427859375 0.5980081265625 0.41430573125 0.5946442984375 0.4141882640625 0.5849479468750001 0.4162262484375
2 0.6100963609375001 0.615566309375 0.60854154375 0.6066979828125 0.60181713125 0.6036164875 0.5978246484375 0.603477065625 0.5894478984375 0.6041128265625 0.5789425390625 0.616535253125 0.57820524375 0.6258491953124999 0.57773196875 0.6394020109375 0.5808301 0.646660271875 0.5851453625 0.6468109640625 0.5967988562500001 0.640818978125 0.6053318921875 0.6436748156250001 0.6093330171875 0.6374256421875 0.6100963609375001 0.615566309375
2 0.4689359546875 0.6112630296875 0.464621259375 0.6176862046875 0.464576415625 0.6189703578125 0.4702163640625 0.6295324671875 0.485377534375 0.6348578875 0.50157885 0.628709278125 0.5061165562500001 0.6269493453125 0.51297805 0.6208428968749999 0.513056503125 0.6185962843749999 0.5112564546875 0.6079449125 0.50441491875 0.6024304234375 0.4833215796875 0.6021734249999999 0.4689359546875 0.6112630296875
2 0.22897371875 0.8738930390625 0.22722305625 0.8719568078125001 0.22058486562500002 0.871724996875 0.212967153125 0.8830652875 0.2127973609375 0.8879275171875 0.214378815625 0.89026970625 0.21764398749999997 0.890383728125 0.2219857546875 0.8893609687499999 0.22717887656250002 0.8871443265625001 0.22861388906250002 0.8841972171875 0.22897371875 0.8738930390625