1 0.629295640625 0.494242784375 0.61764494375 0.4890625 0.616555771875 0.4890625 0.6093871140625 0.49756227031250005 0.6081428515625 0.506967509375 0.6077280968750001 0.5202454953125 0.614779015625 0.5307572140625 0.6229344984375 0.5359375 0.628241809375 0.5359375 0.6309546890625 0.5357364640625 0.6359375 0.5319384328125001 0.6359375 0.5001491609375 0.629295640625 0.494242784375
1 0.4970557484375 0.4328125 0.4899697234375 0.43866376875 0.4890544140625 0.44212303906250006 0.4890544140625 0.45121688437499996 0.49411733125 0.461346971875 0.5028425796875 0.46384097031250004 0.5193461640625 0.46384097031250004 0.5239800875 0.463560015625 0.525 0.45961466875 0.525 0.44462741406250006 0.5173439234375 0.437557265625 0.511952021875 0.43534428125 0.5032753328124999 0.4328125 0.4970557484375 0.4328125
1 0.42681453437499994 0.46788745625 0.42308168281249997 0.4789524390625 0.4218373875 0.48835767499999994 0.42349643593749997 0.49942265625 0.423911190625 0.508274634375 0.435524503125 0.5154668874999999 0.453125 0.507996834375 0.453125 0.47769554062499997 0.44755256875000005 0.47065370156249997 0.43664703125 0.4609375 0.4336828515625 0.4609375 0.42681453437499994 0.46788745625
1 0.7279825015625 0.62268863125 0.7341208921875 0.62268863125 0.7402414296875001 0.622033128125 0.7463271921875 0.6216183453124999 0.7546875 0.6187979578125 0.7546875 0.6087417734375 0.7519868453125 0.603125 0.7173303234375 0.603125 0.71147249375 0.60751650625 0.7279825015625 0.62268863125
1 0.90755366875 0.2218626296875 0.9070004062500001 0.22601023437499998 0.9092134109375 0.2305725984375 0.9202783921875 0.2380383046875 0.927060853125 0.239462009375 0.9350445078125 0.239462009375 0.9390625 0.23310291875 0.9390625 0.2099932421875 0.92826028125 0.2046875 0.918714253125 0.2046875 0.911426415625 0.20776075781249997 0.90755366875 0.2218626296875
1 0.6438583390625 0.0078125 0.6417853734375 0.008256521875 0.627954146875 0.0132336390625 0.6290606265625 0.032312640625 0.6351463609375 0.038948803125 0.6508851515625 0.041796875 0.6592736828125 0.041796875 0.6628088109375 0.036875000000000005 0.66875 0.0315302015625 0.66875 0.022087146874999998 0.6672348218749999 0.017381245312499998 0.6556166015625 0.0078417515625 0.65547353125 0.0078125 0.6438583390625 0.0078125
1 0.631693240625 0.1906545828125 0.643864703125 0.194387434375 0.6578125 0.18755055468749998 0.6578125 0.1625 0.62704021875 0.1625 0.6263519609375 0.1664214046875 0.6263519609375 0.1814773 0.6289269953125001 0.1877512546875 0.631693240625 0.1906545828125
1 0.623382484375 0.303001590625 0.6179905828125001 0.29138336875 0.613428221875 0.284744375 0.609412984375 0.284375 0.6001567953125 0.284375 0.597667334375 0.285850878125 0.5980820890625 0.2991288640625 0.6001558921875 0.3140665609375 0.601814940625 0.32679130624999997 0.60803443125 0.3390625 0.608959228125 0.3390625 0.61840536875 0.332323796875 0.6265625 0.3236191703125 0.6265625 0.31572704375 0.623382484375 0.303001590625
1 0.503125 0.27216405 0.503125 0.29324189375 0.5126736875 0.303979615625 0.5216083390625 0.303979615625 0.5265625 0.2921621875 0.5265625 0.2703439609375 0.5257338953125 0.26868746250000003 0.5178020359375 0.2640625 0.5054742734375 0.2640625 0.503125 0.27216405
1 0.5641118734375 0.3840540390625 0.5636781671875 0.3883930078125 0.5636781671875 0.39317404843750003 0.5670152171875 0.4000982546875 0.5756739484375 0.4028861703125 0.5843295625 0.4028861703125 0.5844351515625 0.4028645015625 0.5865089546875 0.3989917703125 0.5881372640625 0.399006096875 0.5890625 0.39410255781250003 0.5890625 0.3670599796875 0.5811170546875 0.3580513296875 0.5732366265625 0.3580513296875 0.5657709203125 0.3757553046875 0.5641118734375 0.3840540390625
1 0.44582548906249997 0.054724990625000004 0.4314410234375 0.053480710937499995 0.41318383125 0.059287359375 0.40211885 0.06633828750000001 0.3987592890625 0.08468796875 0.3987592890625 0.0875579953125 0.410970825 0.089150134375 0.4347605109375 0.09205345937500001 0.44416577031250004 0.0874910828125 0.459375 0.0777178625 0.459375 0.06583604374999999 0.4553899859375 0.0515625 0.45501178124999997 0.0515625 0.45255980156250003 0.05794923749999999 0.44582548906249997 0.054724990625000004
1 0.3845484015625 0.33927148749999997 0.39616170624999997 0.3365052421875 0.3990650265625 0.32378051874999997 0.401553590625 0.312162275 0.4003093125 0.2983310484375 0.39574694374999997 0.2878193296875 0.391443365625 0.284375 0.38156799218750004 0.284375 0.37625318750000003 0.29722456875000003 0.37500890937500003 0.3193545296875 0.37625318750000003 0.32931300937499997 0.3845484015625 0.33927148749999997
1 0.40763164375 0.47863680625000005 0.39256604687499996 0.4850907453125 0.388799640625 0.49194806562500004 0.3875 0.49584533750000004 0.3875 0.4971314984375 0.39310411562500003 0.50324246875 0.403865259375 0.5072761875 0.4151644515625 0.5076795609375 0.42484947812499996 0.5044525890625 0.43507257343749994 0.494368296875 0.43507257343749994 0.49194806562500004 0.4375 0.48648866562500004 0.4375 0.47879692343749997 0.4327970453125 0.475 0.419824471875 0.475 0.4157025015625 0.4758132 0.40763164375 0.47863680625000005
2 0.6993245296875 0.09743613906250001 0.682927896875 0.1280561828125 0.68096028125 0.14730310625 0.664313146875 0.1752656984375 0.664313146875 0.1932381078125 0.678336809375 0.20854319375000002 0.6862072218749999 0.205918590625 0.70129209375 0.1919208703125 0.7255591406249999 0.198919696875 0.7399881578125 0.2277900484375 0.75704064375 0.233913996875 0.7885221984374999 0.2146671734375 0.7911456703125 0.2137923296875 0.8009836484375 0.22516541406249999 0.810165775 0.2382882890625 0.8134451 0.2601597484375 0.8134451 0.27940670624999997 0.7904898140625 0.3091518703125 0.7740931828125001 0.32052505625 0.754417221875 0.327523915625 0.7301501781249999 0.33364793125 0.7183446328125 0.34677080625 0.73211779375 0.3808902640625 0.7399881578125 0.3913885703125 0.7550730796875 0.38438971093749996 0.7832752578125 0.36514281875 0.8049188296875001 0.3397719140625 0.828529971875 0.3266490390625 0.8436148937500001 0.31177647343750003 0.850173546875 0.2811564296875 0.8619791421875 0.26978324374999996 0.8672260859375 0.28290611875 0.8619791421875 0.295154084375 0.8685377937500001 0.3161507640625 0.8967400218750001 0.33364793125 0.921662825 0.347645653125 0.9183834984375 0.35901880468749997 0.9131366546875 0.3677673875 0.926909765625 0.3922634171875 0.923630440625 0.4001371546875 0.8823109046875001 0.3905137265625 0.8560762953125 0.3835148328125 0.823938934375 0.37389140468750004 0.7839311609374999 0.3808902640625 0.7590082609375 0.397512584375 0.75704064375 0.4167594765625 0.7714697109374999 0.44038062499999997 0.7813076890625 0.44825436406249997 0.8213155125 0.4421303484375 0.8370562406250001 0.4333817640625 0.8541087781250001 0.4333817640625 0.879687484375 0.43950578125 0.9046103875 0.4508789328125 0.9124807515625 0.4648766875 0.932156709375 0.4692509796875 0.9433064 0.47799956093749996 0.943962303125 0.48412354375 0.9505209578124999 0.49112243749999995 0.9695410125 0.5059949875 0.9820025109375001 0.5016206953125 0.9833142234375 0.46137724062499996 0.9872493531250001 0.4281326296875 0.98593764375 0.368642265625 0.9800348953125001 0.347645653125 0.962982359375 0.33277305468749996 0.95183266875 0.3152758859375 0.949865053125 0.29602899531250004 0.9387153625 0.2872804125 0.9164159828124999 0.2881552890625 0.9000193484375 0.2741575375 0.8869020421875 0.2522860765625 0.8823109046875001 0.233913996875 0.8750964484375 0.216416865625 0.8691936015625 0.1997946078125 0.8541087781250001 0.193670559375 0.8449266046874999 0.193670559375 0.8252506468749999 0.22254091250000002 0.8186919921875001 0.220791121875 0.8160685203125 0.20854319375000002 0.8193478984375 0.198044853125 0.8357445312499999 0.16829965468750002 0.8383679531249999 0.14730310625 0.835088625 0.1193076 0.8108216296874999 0.13418023125 0.7977043234375001 0.11843275312499998 0.7813076890625 0.11755790937499999 0.7688462406250001 0.13330531875 0.7596641171875 0.1516773984375 0.743267484375 0.17529854843749998 0.7340853593750001 0.14992764218750002 0.738676446875 0.1350550765625 0.755728934375 0.11493330625 0.7655669140625 0.1009355875 0.7701579515625 0.0799389734375 0.7649110578125 0.058067512499999994 0.7452351 0.059817270312500004 0.71375354375 0.0904373140625 0.6993245296875 0.09743613906250001
2 0.596296840625 0.11763017656250001 0.563052296875 0.1314033890625 0.5464299078125 0.14124136874999998 0.5306824640625 0.157638 0.5350567546875 0.164852509375 0.54817963125 0.173378728125 0.563052296875 0.17534634375 0.5875482578125 0.17534634375 0.6067952156249999 0.16878769062500001 0.6295414859374999 0.15894971093750002 0.6496631875000001 0.1464882609375 0.66191121875 0.14058546249999998 0.6734375 0.12700671875 0.6734375 0.1259495609375 0.644414053125 0.11763017656250001 0.643823565625 0.1171875 0.5979502046875 0.1171875 0.596296840625 0.11763017656250001
2 0.5208333281249999 0.1489775 0.51820985625 0.15160206874999999 0.507716021875 0.16385006562499999 0.503125 0.187470909375 0.503125 0.18747181562499998 0.5070601171875 0.2215907375 0.5044366953125 0.2329638890625 0.503125 0.244045028125 0.503125 0.26533368749999997 0.5175540015625 0.272332515625 0.5365740546875 0.25133590156249996 0.5391975265625 0.21896616875000002 0.5451003234375 0.206718071875 0.5536265921875 0.185721525 0.55625 0.18152225 0.55625 0.1615752734375 0.5503472671875 0.1489775 0.5492677328125 0.1484375 0.5216429734375 0.1484375 0.5208333281249999 0.1489775
2 0.44890577968749995 0.328125 0.44219447812499996 0.335392484375 0.42644703437500003 0.3642505671875 0.4159487265625 0.36949750937500003 0.403700696875 0.3655622765625 0.39757668125 0.359003625 0.385328684375 0.3452304640625 0.3678315171875 0.3445746078125 0.34508517968749997 0.347853934375 0.33235673125 0.3567600765625 0.33235673125 0.35750916875 0.34508517968749997 0.3727768359375 0.3660817265625 0.37212093125 0.3818292375 0.373432690625 0.3932023890625 0.3858941421875 0.4146234890625 0.401953125 0.43277410156249996 0.401953125 0.44219447812499996 0.4009790140625 0.45706707656249995 0.39901144843749997 0.4693150734375 0.3858941421875 0.4765625 0.369594353125 0.4765625 0.3630670859375 0.4693150734375 0.347853934375 0.46319105625 0.3380159546875 0.451549678125 0.328125 0.44890577968749995 0.328125
2 0.53392171875 0.36056464374999997 0.528674825 0.336068615625 0.5260513796875 0.3093854453125 0.512934046875 0.30107428281250004 0.49234416249999996 0.2953125 0.485033475 0.2953125 0.47751731093750005 0.3019491265625 0.4703125 0.312433325 0.4703125 0.3124776171875 0.4762056 0.33081948125 0.49063461718749996 0.3421926328125 0.4926022328125 0.34656692499999997 0.49981674062500003 0.36318921406250004 0.505063684375 0.3806863796875 0.4971932703125 0.39293447812500004 0.4807966375 0.405182440625 0.4807966375 0.40868185312499994 0.48604357968749995 0.422679609375 0.4932580890625 0.4279288109375 0.49981674062500003 0.42967846718749997 0.5135899046875 0.42967846718749997 0.5332658609375 0.4270539015625 0.54375 0.3920918953125 0.54375 0.392061025 0.5234278812500001 0.395121540625 0.5345776234375 0.387685275 0.5372010453125 0.37193779375 0.53392171875 0.36056464374999997
2 0.275225878125 0.135847890625 0.262996675 0.125304665625 0.247278034375 0.115625 0.24165222968750003 0.115625 0.23914971562499998 0.11613665312499999 0.223863209375 0.125304665625 0.21346838125 0.1381398921875 0.2030735546875 0.1468495109375 0.1926787484375 0.14914151250000002 0.1804495421875 0.1523503015625 0.15843696093749998 0.1656439265625 0.155379659375 0.16793592968749999 0.144373359375 0.17389515 0.1303098 0.1734367203125 0.0991253375 0.168394321875 0.0697752296875 0.1697695359375 0.0544887234375 0.1789375484375 0.053877271875 0.19131435000000002 0.04531681875 0.20506636406249998 0.0416480671875 0.20735836718749998 0.0367563671875 0.22431920781249998 0.07405543125 0.22431920781249998 0.0893419375 0.2256943875 0.066717928125 0.2376127953125 0.031253215625000004 0.2366960078125 0.017189659375 0.2371544015625 0.00862920625 0.244030409375 0.0122979578125 0.2981216859375 0.019635509375 0.299496884375 0.050208520312500005 0.3008720828125 0.0661064765625 0.31187370312499996 0.086896134375 0.30774809062499997 0.1003482421875 0.29353768125 0.10952014375 0.27703526875 0.1358129515625 0.2646584328125 0.1523223578125 0.2646584328125 0.1859526703125 0.2655752546875 0.20429647968750003 0.2651168265625 0.21530275781250002 0.22936160625 0.2324236640625 0.18856395312500002 0.2428184671875 0.17572872343749998 0.275225878125 0.175270328125 0.292958209375 0.1821463375 0.3125 0.1776699203125 0.3125 0.1622855171875 0.31130201875 0.15510069843750002 0.2960155125 0.141348684375 0.2954040625 0.1404318953125 0.275225878125 0.135847890625
2 0.15508998125 0.2889060796875 0.149586878125 0.2948653015625 0.12390549531249999 0.3242029421875 0.1245169703125 0.32374455 0.12339886874999999 0.3277261421875 0.12339886874999999 0.3329849875 0.149586878125 0.34345575156249997 0.1642618859375 0.3402469609375 0.18627446718750001 0.3274117328125 0.194223421875 0.3095341046875 0.1984375 0.2954931625 0.1984375 0.2900169375 0.190574753125 0.2828125 0.1796539453125 0.2828125 0.1740452609375 0.28386368125 0.15508998125 0.2889060796875
2 0.6736118249999999 0.31748005468749996 0.652822190625 0.314271265625 0.6363686234375 0.3109375 0.6121443359375001 0.3109375 0.608185575 0.320688878125 0.6087970484375 0.3321488921875 0.6087970484375 0.3408584765625 0.6204147812499999 0.3569024953125 0.634478384375 0.361944928125 0.6638284718749999 0.3605697109375 0.668480465625 0.3626040875 0.6752960015625 0.3626040875 0.6888983296875 0.3587361046875 0.6999046109375 0.3532353109375 0.7102994390624999 0.34819291093750004 0.7359375 0.3436166296875 0.7359375 0.343474515625 0.731700546875 0.330315284375 0.7231401171875 0.3161048734375 0.6797264281250001 0.31656326875 0.6736118249999999 0.31748005468749996
2 0.275998309375 0.2807342640625 0.2783058359375 0.2844278640625 0.2848350140625 0.2844278640625 0.297295659375 0.2807342640625 0.30461661093750003 0.2532134953125 0.28265538437500004 0.2359375 0.268843915625 0.2359375 0.24538338906249998 0.24344801562499999 0.250042190625 0.2709688171875 0.258028671875 0.27807096875 0.275998309375 0.2807342640625
2 0.7069716296874999 0.4452513171875 0.601150446875 0.41773059999999995 0.544777546875 0.4140625 0.4825619109375 0.4140625 0.3455823203125 0.46389440937500004 0.2910078984375 0.4834252515625 0.2623895734375 0.5056194031250001 0.2546875 0.54757084375 0.2546875 0.576385228125 0.272372703125 0.6157024109375 0.2823558328125 0.6414476078125 0.300991028125 0.6405598546875 0.310308575 0.6254678234375 0.313636284375 0.59173271875 0.3182950578125 0.6006103796875 0.33227148125 0.651213053125 0.3395924828125 0.6627540046875 0.35556545 0.6627540046875 0.34891002968749996 0.62102899375 0.3435856734375 0.565987490625 0.36222086875000004 0.6032736734374999 0.3735350625 0.6174779484374999 0.3764986875 0.619257275 0.3898095265625 0.6210328140625 0.38515075312499997 0.5899610015625 0.41243796406250005 0.5837466328125 0.4270798671875 0.5366950390625 0.48231987031249995 0.5366950390625 0.51130228125 0.6014981328125 0.520619878125 0.5908449671875 0.5425827328125 0.5624364453124999 0.5485726203125 0.5287013421875 0.560552396875 0.4940784515625 0.583846365625 0.4985172828125 0.61046804375 0.5251502640625 0.6051436890625 0.5455688765625 0.601815978125 0.5864061359375 0.6224477687500001 0.592620471875 0.6590525781250001 0.6068247484375 0.69166414375 0.6245800703125 0.7236101796875001 0.6405598546875 0.7502318578125 0.647661975 0.7588838734375 0.6547640968749999 0.7735258265625 0.67518274375 0.7928265546875 0.7204588671875001 0.8001475062500001 0.7319997515625001 0.8147894093750001 0.739989659375 0.8261036265625 0.7382141890625 0.8460698859375 0.713356678125 0.8660361453125001 0.6787337875 0.878681453125 0.6565396359375 0.8796875 0.611479121875 0.8796875 0.598304925 0.866701703125 0.578416228125 0.8560530156249999 0.5544465375 0.79482315 0.5082826953125 0.7069716296874999 0.4452513171875
2 0.65382968125 0.3765625 0.639665009375 0.40217305000000003 0.63522618125 0.4188115984375 0.65742033125 0.42613255 0.6600836234374999 0.44210556875 0.6467671328125 0.49534892656249996 0.6441038390625 0.5099908296875 0.6441038390625 0.52929155625 0.6565325468750001 0.5459301046875 0.6876043593750001 0.544599040625 0.6890169703125 0.533552475 0.7026963875 0.47205495624999994 0.7151251265624999 0.42946026093749995 0.7171875 0.4217295984375 0.7171875 0.41391736406249996 0.699145309375 0.3868655640625 0.6876043593750001 0.3802101453125 0.665100865625 0.3765625 0.65382968125 0.3765625
1 0.3817476015625 0.0089019953125 0.377088828125 0.0133408265625 0.3730955859375 0.0195552296875 0.3704334078125 0.025769565625 0.3677712296875 0.042637134375 0.3817476015625 0.050219020312499994 0.403125 0.050219020312499994 0.403125 0.0227523265625 0.40171385937500004 0.0133408265625 0.3973890328125 0.0046875 0.3880666625 0.0046875 0.3817476015625 0.0089019953125
2 1 0.1265625 0.9201852921875 0.1265625 0.9160177562499999 0.1273372421875 0.9151300015625001 0.1280027734375 0.9044767359374999 0.143310259375 0.8984375 0.14977818437499998 0.8984375 0.15459643125 0.89915021875 0.1626109359375 0.9151300015625001 0.18324277656250001 0.9266708859375001 0.18324277656250001 0.9399873796874999 0.1745907109375 0.9470895671875 0.1686008234375 0.9231198765625 0.15395891875 0.9417629859375 0.151962271875 0.9568550140625 0.151962271875 0.9692837187500001 0.16127987187499998 0.982600209375 0.1719285328125 0.98970233125 0.1752562453125 1 0.18062665 1 0.1265625
1 0.0734653265625 0.0305930515625 0.07479638749999999 0.050123945312499994 0.0887727859375 0.054562776562500005 0.1034147140625 0.048348373437499995 0.1147289078125 0.0394707125 0.1187221734375 0.02260314375 0.11173062812500001 0.0125 0.11073566406249999 0.0125 0.11073566406249999 0.012837731250000001 0.09809035625 0.017276560937499998 0.0841139875 0.021715390625 0.0734653265625 0.0305930515625