1 0.41085101875 0.653541784375 0.41562053906249996 0.6441620890624999 0.41583419218750006 0.6380438578125001 0.4143984890625 0.6337648125 0.4113825578125 0.63136231875 0.4025966875 0.631055509375 0.3997896515625 0.6385923359375 0.3997061140625 0.6409845421875 0.4033897296875 0.649047009375 0.41085101875 0.653541784375
1 0.42494988281249996 0.3738711671875 0.42840201093749997 0.3700524234375 0.4287010234375 0.361489825 0.4114336203125 0.360886834375 0.404722075 0.3630319609375 0.404457859375 0.370598096875 0.4157121640625 0.3752707328125 0.42494988281249996 0.3738711671875
1 0.49960640156249997 0.370005140625 0.5012736171875 0.37006336093750003 0.5037956968749999 0.36924430468749997 0.5078041765625 0.36295209375000004 0.505716603125 0.35369034843749997 0.5010927171875 0.348015578125 0.4966577671875 0.34666494999999997 0.493668790625 0.3465605734375 0.4928203421875 0.3474271296875 0.492439490625 0.358333303125 0.49404375624999997 0.36247156875000003 0.49960640156249997 0.370005140625
1 0.25865088125 0.4101798890625 0.2596950640625 0.41030884062500006 0.26729995 0.410574409375 0.27347928593750004 0.406564559375 0.2782628828125 0.4053644125 0.27850198437499996 0.3985174609375 0.274310125 0.3967481390625 0.27310020625 0.3967058875 0.258636471875 0.397435484375 0.25811637187500003 0.3975280296875 0.257712621875 0.4090899046875 0.25865088125 0.4101798890625
1 0.22146472187500002 0.3850320984375 0.2178463328125 0.38211680000000003 0.215141096875 0.38064463125 0.2054804484375 0.38259538437499996 0.20509315625000002 0.3936859890625 0.2057247484375 0.3943192921875 0.21567983124999998 0.39466693125 0.22120710625 0.3924092375 0.22146472187500002 0.3850320984375
1 0.6522193093750001 0.7880176453125001 0.6557971046875 0.788142584375 0.659039840625 0.7851973906249999 0.66007485625 0.7755546078125 0.6586913171875 0.765858021875 0.65560713125 0.7618401171875 0.6515969640625 0.761700078125 0.6485811375 0.767106278125 0.648069521875 0.7817570328125 0.6481221046875 0.782488303125 0.6522193093750001 0.7880176453125001
1 0.6563120437500001 0.72598820625 0.660996975 0.72339636875 0.6612612625 0.7158281343749999 0.654580084375 0.714062003125 0.6510193109375 0.71321288125 0.64306581875 0.7129351390625 0.6408782203125 0.72062721875 0.6452541453125 0.7270503109375 0.648865071875 0.7271764078125 0.6563120437500001 0.72598820625
1 0.6908046953125 0.8803281734375 0.7054799187499999 0.8794490171874999 0.7055885843749999 0.87633723125 0.7049960640624999 0.873150815625 0.6948587265625 0.8679621234375 0.6853622515625 0.8676305 0.681000890625 0.8676502546875 0.6794036359375 0.8738113249999999 0.686740903125 0.8801862625 0.6908046953125 0.8803281734375
1 0.8044646734375 0.806515509375 0.8114487609375001 0.8067594 0.8129106343749999 0.7921172656250001 0.8131956609375001 0.783955134375 0.8088664578125 0.7765727640625 0.8075957765625 0.776528390625 0.8049966187500001 0.7802787 0.8043889140625 0.782497225 0.8035891109375 0.8054006218750001 0.8044646734375 0.806515509375
1 0.859053 0.83484461875 0.857988165625 0.8301440187500001 0.856896196875 0.8282804765625 0.845017828125 0.827865675 0.8444797796874999 0.84327339375 0.8476555484375 0.8483541671875001 0.8564279171875 0.8493515859375 0.8586670281250001 0.8458974093749999 0.859053 0.83484461875
1 0.576658334375 0.8587929953125 0.5744981 0.8575052281250001 0.5500835109375 0.856652653125 0.5498629625 0.8629683703125 0.5526055375000001 0.8673955328125 0.5679239468749999 0.8714397406250001 0.5784579812499999 0.8666268953125 0.576658334375 0.8587929953125
1 0.392232075 0.803072309375 0.4001864890625 0.7978215468750001 0.4051725734375 0.7879392328125 0.4081207703125 0.773522584375 0.3977185796875 0.77315933125 0.3941828765625 0.7768799625 0.391586675 0.7839520265625 0.39097294374999997 0.8015269875 0.392232075 0.803072309375
1 0.2050068671875 0.7528581140624999 0.201317275 0.7397775156249999 0.194544046875 0.7379221765625 0.18811248593750002 0.73769758125 0.1864431234375 0.7501375890624999 0.193414621875 0.760069546875 0.20460934062499997 0.7642417859374999 0.2050068671875 0.7528581140624999
1 0.4661735953125 0.07043279531249999 0.47314086718750004 0.07067609687500001 0.4832382046875 0.068378265625 0.49233755468749996 0.0650695453125 0.485659190625 0.054588125 0.4785192546875 0.050539032812499995 0.476770925 0.050477979687499994 0.47062990156250006 0.05343206874999999 0.46540461562499996 0.05799675625 0.46501899843750005 0.069039415625 0.4661735953125 0.07043279531249999
1 0.1781912109375 0 0.1777311171875 0.0131753859375 0.1849602578125 0.0160074109375 0.1917115203125 0.0162431703125 0.195533565625 0.0114035703125 0.193805865625 0 0.1781912109375 0
1 0.27037574375 0.027558759375000002 0.2789552671875 0.0340779265625 0.28188480312499997 0.028451301562499996 0.28219951875 0.01943903125 0.2817239828125 0.0141337578125 0.2775158453125 0.00599698125 0.272058934375 0.005806421875 0.26737245 0.009384717187499999 0.26200824218749996 0.0174508984375 0.262000009375 0.0176866578125 0.27037574375 0.027558759375000002
1 0.533780421875 0.22439150625 0.5415205234375 0.219875015625 0.5448866015625 0.2149066328125 0.5411603515625 0.21219865468750002 0.52884970625 0.21176875781249999 0.527230596875 0.21270332656250002 0.5267929609374999 0.225235615625 0.5269627265625 0.2253500984375 0.533780421875 0.22439150625
1 0.530881703125 0.155096975 0.5368779109374999 0.15507450312499999 0.5429932671875 0.1512973296875 0.54473785 0.144174934375 0.5437488312500001 0.13724333125 0.5401521265625 0.13711773124999999 0.533522315625 0.139792553125 0.5311905203125 0.14407737812500002 0.5308339671875 0.154287734375 0.530881703125 0.155096975
1 0.4587373640625 0.9167168796875 0.46710164687500005 0.9164395843750001 0.47391109374999996 0.918653025 0.4786094890625 0.913140471875 0.48040467343750004 0.9052318296875 0.4756966 0.9040854812499999 0.454834371875 0.90335695625 0.451568565625 0.9045095375000001 0.45146467812499996 0.90489855625 0.451165828125 0.9134564921875 0.4587373640625 0.9167168796875