1 0.4440044203125 0.4355836875 0.4439576140625 0.4510964109375 0.4702800546875 0.4605208171875 0.4856518125 0.45960250937499997 0.48830445625 0.45284589375 0.48740698125000004 0.44073149999999994 0.470867453125 0.43469297500000004 0.4440044203125 0.4355836875
1 0.544208690625 0.49225539375 0.5434906015625 0.47306322187500005 0.5376149515625 0.4536007515625 0.5311510921875 0.456326721875 0.5181550859375 0.48198743593750004 0.5176272562500001 0.49205901250000006 0.51953941875 0.5024552546875001 0.5235508546875 0.502665484375 0.5350921875 0.501737978125 0.544208690625 0.49225539375
1 0.51202761875 0.7183272265625 0.5226582765625001 0.7232395953124999 0.550225328125 0.7235350515625 0.56806953125 0.7192985000000001 0.5684899921875 0.7112756296875 0.5624016468749999 0.7004155125 0.5496304140625 0.6997462 0.543051765625 0.6995990171875001 0.5221512296874999 0.70367539375 0.512087659375 0.7171815968749999 0.51202761875 0.7183272265625
1 0.484628775 0.6450975078125001 0.5087073140625 0.6400556265625 0.5191509515625 0.6308341390625001 0.5147519734375 0.618121440625 0.493161603125 0.6169899359375 0.47167564375 0.6224882218750001 0.47070588593749996 0.6409922984375 0.4806283546875 0.6448878546875 0.484628775 0.6450975078125001
1 0.47915752031250003 0.6028022671875 0.49166551875 0.5999271203125 0.5075178015625 0.589839815625 0.4996761828125 0.57821524375 0.469208409375 0.5766184953125 0.46449162499999996 0.5804363296874999 0.46352333906250004 0.598912315625 0.46438358593749995 0.602027996875 0.47915752031250003 0.6028022671875
1 0.23723836406249998 0.34929404062499997 0.2501628953125 0.34915125625 0.2578962953125 0.3306935546875 0.24762640937499997 0.31539299375 0.2451717125 0.3129694984375 0.2409851796875 0.3127500921875 0.234187515625 0.32535038125 0.228354396875 0.33922758124999997 0.2279906890625 0.346167559375 0.23723836406249998 0.34929404062499997
1 0.2355229171875 0.440764659375 0.236969159375 0.44084045312500003 0.24121084375000001 0.44043748125000004 0.24812984062500001 0.43751957187499996 0.25583370156249996 0.431362271875 0.25529269062500004 0.4182118390625 0.2429358109375 0.41611884374999997 0.2408589390625 0.41601 0.23435093125 0.41875458749999994 0.23062758906249997 0.4193795859375 0.22884353750000003 0.42994777656250005 0.2355229171875 0.440764659375
1 0.1596898109375 0.46302875312499997 0.1624691640625 0.465099671875 0.1664716671875 0.46530943281250003 0.1780921921875 0.46399318125000005 0.1893050765625 0.461300303125 0.1949705953125 0.43535306093750004 0.186770446875 0.427257140625 0.1701771984375 0.426387525 0.1561541390625 0.436599296875 0.1560684125 0.4382350625 0.1566522859375 0.4505676125 0.1596898109375 0.46302875312499997
1 0.195420365625 0.62484221875 0.214328134375 0.6239878390625 0.22874651875000002 0.614901915625 0.2340351765625 0.6040531390625 0.2341505796875 0.6018511 0.21541235625000002 0.6008690703124999 0.19230274218750001 0.609161453125 0.191768975 0.619346346875 0.192245275 0.622830525 0.195420365625 0.62484221875
1 0.22140259375000002 0.6211518703125 0.23476900625 0.6242397078125 0.2517696296875 0.6128287234375 0.258679271875 0.6040036703125 0.258924515625 0.5993241421875 0.2582769140625 0.5984215749999999 0.245786321875 0.5977669703124999 0.23929429687499998 0.600488065625 0.227297415625 0.61031599375 0.2214481375 0.6202828296875 0.22140259375000002 0.6211518703125
1 0.0859351484375 0.559262140625 0.1008499375 0.556353209375 0.1015710484375 0.552360221875 0.10207971406250001 0.542654296875 0.0969037015625 0.5383311015625 0.0829397515625 0.53759928125 0.0770206765625 0.5415722234375 0.0718494234375 0.548987578125 0.0717432296875 0.5510138546875 0.0859351484375 0.559262140625
1 0.0357535640625 0.48443129531249995 0.0485503734375 0.490637825 0.065229521875 0.485360965625 0.0698011578125 0.4763740921875 0.0630875375 0.46771452187499996 0.0480946 0.4669287765625 0.04237888125 0.4675557796875 0.0316684078125 0.4797416390625 0.031453359375 0.48384501875 0.0357535640625 0.48443129531249995
1 0.19605073281250002 0.610834778125 0.1950900640625 0.5978673828125001 0.1789574234375 0.5927162234375001 0.1660227796875 0.603074775 0.16521122187499998 0.61856021875 0.16794683125 0.621598421875 0.1908519828125 0.6227988296875 0.197107840625 0.6219619359374999 0.19605073281250002 0.610834778125
1 0.071502225 0.102921525 0.066444553125 0.1147251796875 0.06565515625 0.1297877703125 0.081345215625 0.1341922515625 0.09988516562500001 0.1247072296875 0.1057447078125 0.1112133546875 0.10612383125 0.10397925781249999 0.10149805781250001 0.097342190625 0.07658194375 0.09603639375 0.0751273828125 0.09634543906250001 0.071502225 0.102921525
2 0.333814928125 0.46782094531249996 0.33234656406249996 0.467743990625 0.32918044687500003 0.47536016718749996 0.3287346453125 0.48386657812499995 0.3287974265625 0.4895495328125 0.3389477015625 0.499307946875 0.356136215625 0.5049775734375 0.3567785046875 0.5050112343750001 0.3642197265625 0.4934402875 0.3644894125 0.488294365625 0.3635664609375 0.4833754328125 0.3556769515625 0.4774260828125 0.34379446874999997 0.469422178125 0.333814928125 0.46782094531249996
2 0.0953125 0.6453125 0.0859375 0.0859375
1 0.120872846875 0.8327512953125 0.1386484921875 0.822201059375 0.14713721875000002 0.8128043734375 0.149897428125 0.7992746921875 0.136337025 0.7985640218750001 0.129334925 0.8003895734375 0.112907053125 0.8104930203125 0.1118404296875 0.8308454093750001 0.120872846875 0.8327512953125
1 0.2714945359375 0.7606192328125 0.276022628125 0.7608565406250001 0.28359483281250003 0.75827854375 0.2924826546875 0.753003425 0.2937952078125 0.7514319515625 0.291727328125 0.743942409375 0.2891317625 0.73478495 0.286204640625 0.731315325 0.277710321875 0.73087015625 0.27195620625 0.7338848171875 0.26416661874999997 0.7416778828124999 0.27268199375 0.7552462375 0.2714945359375 0.7606192328125
1 0.0345568984375 0.54404674375 0.0373953015625 0.5490393328125001 0.0394592484375 0.5517472671875 0.041067607812500004 0.5511225296875 0.05488270625 0.5520828921875001 0.0654756359375 0.548383878125 0.0696049734375 0.541746353125 0.0720711859375 0.537272609375 0.07226469218750001 0.5335802796875 0.0691014203125 0.5273030671875001 0.06382963124999999 0.525645253125 0.045888395312500004 0.5247049921875 0.043708101562500004 0.524790546875 0.035233982812499995 0.536163565625 0.0348707484375 0.5380581265625 0.0345568984375 0.54404674375
1 0 0.655484896875 0.0057157875 0.6572976749999999 0.02797619375 0.65846429375 0.033843904687499995 0.6538199687499999 0.036033534374999995 0.6443961359375 0.0330390703125 0.63682030625 0.032650584375 0.6366656171875 0 0.634954471875 0 0.655484896875
1 0.093055175 0.4125187265625 0.0989870625 0.393766340625 0.0943329484375 0.3828909921875 0.09491966406249999 0.3821885375 0.0922292109375 0.37581531562500003 0.0847624328125 0.3713913859375 0.0757770734375 0.36824231875 0.06570310625 0.3677143640625 0.0647659109375 0.3855971296875 0.0673776734375 0.393576165625 0.07976680625 0.4037570875 0.0874370984375 0.41479050624999997 0.093055175 0.4125187265625
2 0.01516459375 0.46545457968750004 0.0229702984375 0.45816503124999997 0.030535757812499998 0.4675732 0.0317363 0.4676361171875 0.041207431249999996 0.46168700781250005 0.047195507812499995 0.45760161562499996 0.05535205 0.44886404999999996 0.052387398437499996 0.442476459375 0.033525228125 0.4403881296875 0.031841721875 0.4410331046875 0.0238073875 0.4369460296875 0.0220987640625 0.43282387031249997 0.015276956250000001 0.4307867015625 0.014499162500000001 0.43074593906249997 0.0150462625 0.43098785937499995 0.0069513593750000005 0.443832778125 0.006122940625 0.4596399328125 0.01516459375 0.46545457968750004
2 0.025250406250000003 0.1842317453125 0.028782934375000003 0.19233085 0.0379480765625 0.192811175 0.0432710140625 0.200844465625 0.045021934375 0.21127532968749999 0.046009971875 0.2143426828125 0.0532540140625 0.218599490625 0.062057251562500006 0.2317904 0.063474803125 0.231864690625 0.07395306406249999 0.22916179374999998 0.0756041078125 0.22295177187499998 0.075942853125 0.2164881171875 0.07370803125 0.21191711406249997 0.0666215984375 0.20465299374999998 0.06562362031249999 0.190815221875 0.0635124578125 0.1872582109375 0.0552128375 0.18122290000000002 0.0489018609375 0.1701222546875 0.048003885937500004 0.1653364390625 0.04584880625 0.1617054421875 0.037265840625000005 0.161255628125 0.034301204687499996 0.1637567203125 0.0287855671875 0.17036039375 0.025560484374999998 0.1783150890625 0.025250406250000003 0.1842317453125
2 0.1381707515625 0.2388673703125 0.1381583 0.23910494999999998 0.149165475 0.24081997031250002 0.149414971875 0.24427941406250003 0.13995206093749998 0.2604409265625 0.13683391250000002 0.2643757875 0.1361549453125 0.27733123437499996 0.140869309375 0.284039178125 0.1531387203125 0.28008703437500004 0.153769146875 0.268057784375 0.1630912859375 0.2628023921875 0.1778389984375 0.25266179218749996 0.1808483359375 0.2281205328125 0.195196453125 0.2173845921875 0.19847019375 0.2009968765625 0.177944625 0.1999211765625 0.1711286265625 0.20808172812499998 0.16192656875 0.211045834375 0.1461995421875 0.2234326953125 0.1381707515625 0.2388673703125
2 0.1732899453125 0.14174975625 0.146172559375 0.14589415156250002 0.14568183125 0.15525782500000002 0.1460676234375 0.1593186765625 0.1614369875 0.18204213125 0.188196634375 0.21047671874999999 0.221264603125 0.211479140625 0.24614529375 0.182828509375 0.257709640625 0.1666307875 0.2879777671875 0.16529467343749998 0.3075979734375 0.162669928125 0.33420934999999996 0.156758578125 0.325258390625 0.1416774921875 0.3042680203125 0.13327144062500001 0.30118403125 0.1177672296875 0.28168875625 0.10835022968750001 0.2627116140625 0.1073556796875 0.2539641265625 0.107986546875 0.2496964265625 0.11506887968749999 0.22142627187500002 0.1340440859375 0.1732899453125 0.14174975625
2 0.17868604999999999 0.86028276875 0.1669653453125 0.8472656078125 0.1639605015625 0.8514117234375 0.16299088125 0.86991318125 0.164733775 0.8750551890624999 0.1750350125 0.8781789921875 0.18798793593750002 0.8824753390625 0.17868604999999999 0.86028276875
2 0.1591749234375 0.8875309390625 0.151785246875 0.895412265625 0.1485910734375 0.9058363500000001 0.1485709859375 0.9062196312499999 0.15269153124999998 0.9150976937499999 0.1612575859375 0.9217480734375 0.169779840625 0.9144428906250001 0.176740365625 0.9061093031249999 0.17678698125 0.90521981875 0.1762632328125 0.8868761359375 0.16731904375 0.8874409671875 0.158707365625 0.8890567984375 0.1591749234375 0.8875309390625
2 0.11047795 0.9238992218750001 0.11563167031249999 0.9241693171875 0.1233014828125 0.9257340484375 0.1268186625 0.92408059375 0.127353415625 0.9138768890625 0.11501592499999999 0.9132303078125 0.1146527546875 0.913265475 0.11046511562500001 0.916798340625 0.1103656546875 0.918696184375 0.11047795 0.9238992218750001