1 0.5255532546875 0.852641521875 0.5205271203125 0.8522900609375 0.5046393171875 0.8531582999999999 0.4982219671875 0.8642537734375001 0.49808086406249996 0.866271653125 0.49907791250000005 0.8693783515625 0.50667390625 0.87945966875 0.528479446875 0.8904377125 0.5302397234375 0.8905608031250001 0.539049853125 0.8833845015625 0.544206703125 0.872949296875 0.5394798015625 0.86140771875 0.5255532546875 0.852641521875
1 0.562946375 0.8223636781250001 0.557436859375 0.8239919296875 0.553255915625 0.830340353125 0.5492376328125 0.8430388796875 0.5477219421874999 0.8647142703125 0.553431928125 0.8812651203125 0.5596580828125 0.887234459375 0.5726599328125 0.8853766562500001 0.5821843875 0.8738679640625 0.5872970468750001 0.8643476015625 0.587714015625 0.8583846812499999 0.5866837859375 0.8570273109375 0.5818054453125 0.8317833421874999 0.570607846875 0.822899421875 0.562946375 0.8223636781250001
1 0.7803034546875 0.8050434031249999 0.7714935484375001 0.8088363781250001 0.7643564375 0.8168873124999999 0.7636188015625 0.8274360078124999 0.770790984375 0.8336447109374999 0.7801132 0.8342965843749999 0.7846866796875 0.8338419125 0.7971488703125 0.8297306671875001 0.8013283828125 0.8274697906249999 0.8021075156249999 0.8163276843749999 0.8015510984375 0.8142600078125 0.796419684375 0.808503265625 0.7834916859375001 0.8034470171875 0.7803034546875 0.8050434031249999
1 0.8312669843749999 0.8453189875 0.8257339937499999 0.8294369640625 0.8184730171875 0.8151707953124999 0.8181037468750001 0.8151449734374999 0.8112926703125 0.8162524234375 0.8056129609375 0.8202824484375 0.802414878125 0.8343315453125 0.8021634828125 0.8379266718749999 0.803340934375 0.8527739296875 0.8060689218749999 0.8612656375000001 0.819666240625 0.8732079046875001 0.8198676921875 0.8732219921875 0.8267186890625 0.868797003125 0.8308093875000001 0.8538588859375 0.8312376046875001 0.8477350906250001 0.8312669843749999 0.8453189875
1 0.8713151515625001 0.84805380625 0.86437503125 0.8641704015625 0.8623933546875 0.880633721875 0.8640846796874999 0.8801986453125 0.8714227734375 0.8872340484375 0.8818479874999999 0.8879630515624999 0.8839080421875 0.8876721406250001 0.895190440625 0.880713565625 0.8984624515625 0.8719465968750001 0.9000870390625 0.8487139031250001 0.8999801906249999 0.8478447093750001 0.8919999515624999 0.8391080843750001 0.8811473062499999 0.83834919375 0.8713151515625001 0.84805380625
1 0.9200497406249999 0.5653979953125 0.9195593843750001 0.5702464015625 0.918978321875 0.578555978125 0.9463404343749999 0.6022424359375 0.9510075484374999 0.60321475 0.9704202765625001 0.6087710125 0.9782432078125 0.607703128125 0.9832780140624999 0.59980043125 0.9833493078125001 0.598780903125 0.9770426750000001 0.581780515625 0.9554868125 0.5699377265625001 0.9456040124999999 0.5671849234375 0.9200497406249999 0.5653979953125
1 0.4272885234375 0.6213195687499999 0.4263768109375 0.6343576609375 0.4274680015625 0.6402656875 0.4507946140625 0.64189684375 0.4590033953125 0.6368701640625 0.4645466921875 0.626216896875 0.46572914374999996 0.609307053125 0.4552846609375 0.6068449953124999 0.4462813328125 0.6070091625 0.434813540625 0.6121602796875 0.4272885234375 0.6213195687499999
1 0.624256603125 0.552045140625 0.6165244546875 0.5651326609375 0.61762665625 0.5818663765625 0.6237431156250001 0.591884290625 0.63165755625 0.592437721875 0.63436595625 0.59161763125 0.6385211 0.5863559734375 0.64336410625 0.577736471875 0.644082053125 0.5674693515625 0.64202118125 0.563382309375 0.6389783671875 0.55200883125 0.6276275140625 0.551215103125 0.624256603125 0.552045140625
0 0.8567855109375 0.6271681046875 0.8564599265625 0.6372402859374999 0.8622251453124999 0.6522811515625 0.8684784671875001 0.65302965625 0.8724548796875 0.6533077140625 0.8772489968749999 0.6432367718750001 0.8802967015625001 0.6389431250000001 0.8810092109375001 0.62875375 0.8797494546875001 0.6237264265625 0.8772896203125 0.6203615890624999 0.8631699125000001 0.6193742421875 0.8567855109375 0.6271681046875
1 0.8446040671875 0.48493917656249996 0.837537521875 0.4844450359375 0.8294433437500001 0.4869346296875 0.823532275 0.502746065625 0.82286259375 0.5214857828125 0.8337589328125 0.5397534265624999 0.844228028125 0.5366427500000001 0.85939805 0.530445103125 0.85972913125 0.5298847015625 0.8598541234375 0.5280972328125 0.8573904421874999 0.5179226875 0.8562284265625 0.5024705734375 0.85320499375 0.49073104218749997 0.8446040671875 0.48493917656249996
1 0.769057296875 0.4682940203125 0.77047491875 0.47120159062500006 0.77452220625 0.4774621234375 0.78430795 0.48412399375000004 0.7985055203125 0.48725162187500004 0.807350875 0.4844543984375 0.8083157921874999 0.48115228749999994 0.809884671875 0.45871625156249995 0.8008137171874999 0.4489844328125 0.7713683625 0.4469254125 0.7701104515625 0.45323319062499995 0.769057296875 0.4682940203125
1 0.532416140625 0.46474122187500005 0.5384324078125 0.4655763015625 0.548756859375 0.46008293125 0.5536417109375 0.44550772343749995 0.5535534640625001 0.43887187812499995 0.5391205671875 0.42598611875000003 0.534478175 0.425661490625 0.5232399109375 0.430122475 0.5173424296875 0.4433838109375 0.5221459453125 0.4536641859375 0.532416140625 0.46474122187500005
1 0.46475840156250003 0.5084767875 0.4709819140625 0.5083597078125 0.48785974843749996 0.504017528125 0.49527400625 0.5003868046875 0.4965228578125 0.482527384375 0.47789944531249995 0.48122510781249994 0.47785140156250006 0.4812281234375 0.468318803125 0.487188434375 0.46172869531250005 0.504399234375 0.46475840156250003 0.5084767875
1 0.9084924484375 0.4798623046875 0.916915575 0.49521799531250005 0.9307147109375 0.5072578828125 0.9456147984375001 0.5035534015625001 0.9480825765625 0.4983360796875 0.9504752249999999 0.464119596875 0.9380019671875001 0.4539745875 0.9284778984375001 0.454363346875 0.9214533703125 0.458618625 0.9084924484375 0.4798623046875
1 0.947854340625 0.42662280625 0.9424753984375001 0.45261573593750004 0.9441408062500001 0.4627524 0.943543715625 0.4769499265625 0.9561615140624999 0.4889072859375 0.9673608828125 0.49285474375 0.9787536781249999 0.48837759218750004 0.9838899265625001 0.456653559375 0.985413165625 0.43487022187499996 0.9774244218750001 0.428163134375 0.9698214640625 0.426343665625 0.9558869218750001 0.4253692671875 0.947854340625 0.42662280625
1 0.2003211578125 0.2402617640625 0.18488853125 0.24604619843750003 0.17421412812499998 0.25853671718750004 0.17914499687500002 0.27211848125000004 0.2089210921875 0.2764130703125 0.212488790625 0.2766625484375 0.2353347515625 0.2628106875 0.24179874531249998 0.2451231765625 0.23597238437499998 0.237192178125 0.215048278125 0.23572902187500003 0.2057958546875 0.2367225390625 0.20565939375000003 0.23867401406250002 0.20535235625 0.24306486718750003 0.2003211578125 0.2402617640625
1 0.091652984375 0.363369828125 0.08535910468749999 0.36581001562500004 0.085140428125 0.3899704578125 0.0913218078125 0.40673767187500004 0.1053186984375 0.4199018578125 0.1061301875 0.419958603125 0.1174257046875 0.416027334375 0.11853408750000001 0.40017672656250003 0.11687661093749999 0.377814915625 0.1096617375 0.36881620000000004 0.102527978125 0.36413028125 0.091652984375 0.363369828125
1 0.18765354843749998 0.43198349062499997 0.17520788437499998 0.436129571875 0.15127044843749998 0.439472084375 0.14025383281249998 0.45006420468749997 0.140142125 0.45166169375000004 0.1654574875 0.4574524203125 0.1703419546875 0.4577939765625 0.19322963906249999 0.45654320156250006 0.2045608203125 0.45095107187499994 0.209683203125 0.43854032031249995 0.20280602499999997 0.43258701093749996 0.18765354843749998 0.43198349062499997
1 0.27214382656249997 0.47394334687499995 0.2672189125 0.4711918375 0.26622477031249997 0.4711223203125 0.2654384703125 0.482366934375 0.26636775 0.497850928125 0.27562126249999996 0.51551600625 0.28361881875 0.521383265625 0.2846612140625 0.5214561578125 0.294974696875 0.520082309375 0.2955116 0.51240424375 0.29531589999999996 0.507776384375 0.29207743750000004 0.49539423281249995 0.2806279984375 0.48304564843750003 0.27214382656249997 0.47394334687499995
1 0.25564714374999997 0.5236703234375 0.24886896875 0.533685125 0.2501757359375 0.541073046875 0.27128130625 0.543460953125 0.281529778125 0.535968990625 0.29003127968750003 0.5235784109375 0.2907030109375 0.5139722078125 0.2886453015625 0.51341431875 0.27627965468750004 0.512549628125 0.2702881203125 0.5142053375 0.25564714374999997 0.5236703234375
1 0.26093027343749997 0.57984808125 0.243141565625 0.5848401296875 0.2311605265625 0.591938928125 0.22801690468750002 0.6028304859375 0.22792837187499998 0.6040965609375 0.2308524359375 0.6145934625 0.24264618750000003 0.6182735140625 0.2533325703125 0.619020778125 0.273615096875 0.61134780625 0.2781142125 0.604402996875 0.27980802968749996 0.580180290625 0.26093027343749997 0.57984808125
1 0.8416623765625 0.7658315421874999 0.8386175046875 0.7869963109375 0.8383851546875001 0.7903190734375001 0.8542273265624999 0.8102772671875 0.8612247296875 0.7934590499999999 0.8632979140625 0.7894263703125 0.8698911875 0.7653495390625 0.8701938921875 0.7610206796875 0.8684358140624999 0.749746653125 0.859578878125 0.749127315625 0.8462958859375 0.75720340625 0.8416623765625 0.7658315421874999
2 0.2592905296875 0 0.279436503125 0.041819482812499996 0.296423759375 0.11146461249999999 0.32193611093749996 0.1685969171875 0.340030125 0.28492855 0.3520124484375 0.3323755484375 0.35508356406249997 0.4447436515625 0.3602365453125 0.496082746875 0.36709635 0.6480421 0.359061903125 0.7785685296875 0.35206837812499997 0.8785806218750001 0.3549448671875 0.9312169328125 0.3830038078125 0.9346581828125 0.4649131671875 0.9403858421875 0.465773459375 0.9404234484374999 0.558215046875 0.94688759375 0.6271359828125 0.945880959375 0.667098540625 0.9370230812499999 0.70681178125 0.9004736687499999 0.7209032640624999 0.8708716937500001 0.7532337515624999 0.8148710156250001 0.7690209265625 0.7766485328125 0.7847767453125 0.7057795640625 0.79409625625 0.572504353125 0.7833201078124999 0.5096456453125 0.75895008125 0.4205494703125 0.7446720390625 0.32778923125000003 0.7255096703125 0.2579921140625 0.72182235 0.21695121562500003 0.7129 0.1726312203125 0.6901435578124999 0.1229741953125 0.6558842281249999 0.0346430078125 0.646593678125 0.010596195312499999 0.495061028125 0 0.2592905296875 0