2 0.190852803125 0.46755324375 0.1927973640625 0.4623746578125 0.19293395 0.4545496359375 0.1919355859375 0.4513721484375 0.1850414828125 0.450065390625 0.17297225 0.449854721875 0.1670903734375 0.45333845781250004 0.160490559375 0.46462326249999997 0.161891884375 0.4760477234375 0.16608417343749998 0.476981359375 0.1794481734375 0.47721462968750006 0.1818841140625 0.47699668125 0.190852803125 0.46755324375
2 0.2435968375 0.46124323437500003 0.24150286406250002 0.4522581703125 0.227035390625 0.44715418749999997 0.21421273593749998 0.44813035 0.2123717375 0.461898225 0.22151264375 0.47794886718749996 0.2394302765625 0.4782616203125 0.2457570796875 0.4723074453125 0.24581865 0.46878006718750004 0.2435968375 0.46124323437500003
2 0.265543084375 0.38689379218750003 0.25236735 0.38316041875 0.251505984375 0.383145384375 0.24244054375 0.384745303125 0.2343317296875 0.3921085046875 0.23429368125 0.394288328125 0.242773684375 0.407496340625 0.2487904109375 0.4096645296875 0.2621574078125 0.4098978515625 0.2651452296875 0.40968680781250005 0.27360105 0.3991238625 0.273770390625 0.3894223390625 0.265543084375 0.38689379218750003
2 0.3403523578125 0.3221866828125 0.32944669531250004 0.32663485312499996 0.32926789375 0.3368783703125 0.333094665625 0.3459060046875 0.3413313078125 0.348982615625 0.3461133875 0.3504165265625 0.360397478125 0.35066585625 0.3607252203125 0.331889540625 0.3511053078125 0.3228203859375 0.3433810796875 0.32223954843749997 0.3403523578125 0.3221866828125
2 0.3621938484375 0.095970915625 0.380058221875 0.0962827390625 0.3884762046875 0.0931756734375 0.39465593125 0.082878975 0.3925220046875 0.06763504687500001 0.38485499375 0.060353460937500006 0.377907721875 0.0602321953125 0.365586109375 0.0639634765625 0.3560548984375 0.068453125 0.355720946875 0.087585228125 0.35612798125 0.0902099828125 0.3621938484375 0.095970915625
2 0.0387927953125 0.4591321 0.0445622734375 0.44709783437499995 0.0442696921875 0.42948501562499997 0.036123656250000004 0.4149364703125 0.0299019578125 0.41183808906249997 0.027370001562500003 0.41179389375 0.0234157609375 0.42111749062500003 0.0198386046875 0.4358195 0.019493925000000002 0.45556620781249996 0.02224229375 0.458843209375 0.0387927953125 0.4591321
2 0.1246384515625 0.4694079953125 0.11013444375 0.46611943437500003 0.10209148593749999 0.4683790515625 0.09234363749999999 0.47660888593750006 0.0938600703125 0.48143536875 0.1015742578125 0.4899199765625 0.12006614374999999 0.490242753125 0.1282927765625 0.48714279375 0.1284949203125 0.4755619703125 0.1246384515625 0.4694079953125
2 0.3542570546875 0.5784057703125 0.35487825625 0.5773326484375 0.3550689734375 0.566406440625 0.351360234375 0.560955253125 0.34103209687499997 0.5565749484375 0.332442453125 0.5555031125000001 0.32940841875000004 0.555450153125 0.319334978125 0.56159623125 0.316767115625 0.57115139375 0.3222422671875 0.5784469875 0.3319464890625 0.58301720625 0.349250215625 0.58331924375 0.3542570546875 0.5784057703125
2 0.150566265625 0.3749750375 0.14701421406249998 0.36587299687499997 0.125929259375 0.36321843125000003 0.1138857609375 0.36540821874999996 0.09931630625 0.37475389375 0.103917953125 0.38623421874999997 0.11496184062499999 0.39170116250000003 0.1267323625 0.39190661875 0.138280771875 0.389234009375 0.1505203703125 0.377604359375 0.150566265625 0.3749750375
2 0.111780346875 0.1041018359375 0.110478715625 0.10407911562500001 0.10085557187500001 0.11182128437500001 0.10006293125000001 0.117645034375 0.0998750625 0.12840800624999998 0.1093500515625 0.1407822203125 0.1174833515625 0.14483257031250002 0.11778426718749999 0.1448378234375 0.1265859359375 0.1372815984375 0.12705721718750002 0.11028193906249999 0.120775240625 0.104965821875 0.111780346875 0.1041018359375
2 0.181177890625 0.053703417187500005 0.181293528125 0.047078596875 0.1792125640625 0.041217646875 0.175307125 0.0243420875 0.1699646265625 0.02104743125 0.1577867578125 0.031239446875 0.15326679375000002 0.049568634375 0.156014490625 0.06402293437499999 0.162223921875 0.06747661875 0.1669306140625 0.067558775 0.178099090625 0.0596293765625 0.181177890625 0.053703417187500005
2 0.46455474218750004 0.0402431125 0.45671520625 0.042507351562500004 0.43912498125 0.0534052328125 0.441830784375 0.07025985312500001 0.449460828125 0.07999726093750001 0.4596716640625 0.0793751390625 0.46894638437499997 0.07616133281250001 0.4730492203125 0.069204078125 0.4726588578125 0.057191989062500004 0.46455474218750004 0.0402431125
2 0.4873380625 0.0855714546875 0.474072234375 0.0893416578125 0.4655630609375 0.0955959515625 0.4623544875 0.10754520468749999 0.4658011484375 0.11653224375 0.48533996718749994 0.11687329531249999 0.488084609375 0.1152375234375 0.4942755734375 0.11171856250000001 0.4946350640625 0.09112339375 0.4873380625 0.0855714546875
2 0.072701046875 0.269881184375 0.060843737499999995 0.256647265625 0.0438634953125 0.2665508734375 0.0401680359375 0.2707533859375 0.0400366546875 0.2782802140625 0.04120143125 0.281504396875 0.048204525 0.28426972500000003 0.06467463125 0.2845572125 0.07246844218750001 0.278450153125 0.07256557031250001 0.2776426515625 0.072701046875 0.269881184375
2 0.041729465625 0.611774678125 0.033914321875 0.6056999984375 0.0195437953125 0.6036491421875 0.00766411875 0.60241449375 0.0041297750000000005 0.6187013609375 0.0041202 0.6192499375 0.006805090625 0.633600409375 0.0210670234375 0.633849353125 0.0368425203125 0.6213510906249999 0.0417255171875 0.6120009468750001 0.041729465625 0.611774678125
2 0.13899676562500002 0.6452842515625 0.1363739734375 0.6616103953125 0.1361225875 0.6760122703125 0.143334925 0.6859911640624999 0.1531244640625 0.686162040625 0.1595014890625 0.677220721875 0.1610361890625 0.6704455953124999 0.1612558515625 0.6578611375000001 0.15959550312499998 0.6523011890625 0.14933482343749999 0.645464703125 0.13899676562500002 0.6452842515625
2 0.1802851453125 0.8210823625 0.17270190000000002 0.81020074375 0.17500833124999998 0.8065977828124999 0.1581956078125 0.8069043062500001 0.142874878125 0.8156143859375 0.1428727953125 0.815733696875 0.1466590484375 0.82590295 0.153597890625 0.8283794640625001 0.1766517671875 0.8287818703125 0.1802412296875 0.8235983250000001 0.1802851453125 0.8210823625