1 0.49658045 0.3750407109375 0.49624345312499996 0.36861043125 0.48885897187499994 0.3587581984375 0.4854171421875 0.3568169796875 0.46884682499999997 0.35768539375 0.4668778140625 0.3593561609375 0.46416352656250004 0.3788887015625 0.468470328125 0.3897431578125 0.476273259375 0.395982328125 0.48898857656250005 0.40085602812500004 0.49598077187499995 0.39162545937500004 0.49673109687499994 0.382167990625 0.49658045 0.3750407109375
1 0.5666183734375 0.47500620624999995 0.5596522015625001 0.47340409687499996 0.5366295671875 0.47461066093750004 0.5333784921875 0.4905984421875 0.544668671875 0.49997889375 0.5501690015625 0.5019066546875 0.557532084375 0.50364270625 0.56565493125 0.50321700625 0.5718444921875 0.49753575312500004 0.5710757234375 0.48286678906249997 0.5666183734375 0.47500620624999995
1 0.531821146875 0.5697902078125 0.5302698109375 0.540188959375 0.5163660796875 0.5351291093749999 0.5090092281249999 0.5355146656249999 0.50068273125 0.5412953546875 0.500731821875 0.5501569046875 0.49965414218750004 0.5612935515624999 0.501388965625 0.5706207765625 0.5056957984375 0.58147523125 0.5143779203125 0.5893860296875 0.5262606359374999 0.5776274328125 0.531821146875 0.5697902078125
1 0.386616796875 0.26518929375 0.38588407812500003 0.2591335796875 0.3820924859375 0.2495776078125 0.375480603125 0.249924121875 0.37530749218750004 0.2499708296875 0.3657423078125 0.25520309218750004 0.365127871875 0.27517959375 0.36609223125 0.28565523125 0.37362571875 0.29467854375 0.38817973281249996 0.2770744609375 0.3880130328125 0.27389362031250003 0.386616796875 0.26518929375
1 0.7714457234375 0.0667169453125 0.7704425203125 0.0475746859375 0.7642411203125 0.0449220203125 0.7427830828124999 0.0460465875 0.741940603125 0.046455037500000004 0.7388111984375 0.060740267187499995 0.7384757625 0.06491114375 0.7409245109375 0.0693514359375 0.7523650515625 0.0762278125 0.7663292703125 0.078403275 0.7708892671875 0.0702730515625 0.7714457234375 0.0667169453125
1 0.9852639828124999 0.325147834375 0.9817212984375001 0.3101110359375 0.9749932734375 0.3045604296875 0.9552667328125001 0.305594253125 0.9514185390625001 0.3183472609375 0.9512446109375 0.3194343625 0.9519238828125 0.332395615625 0.9618626796875 0.34328428125 0.9740769421875 0.3465221984375 0.9810980796875001 0.3378441125 0.985734771875 0.33413105 0.9852639828124999 0.325147834375
1 0.830493596875 0.349719746875 0.8315012796874999 0.3468446453125 0.830256784375 0.3230982578125 0.7993724515625 0.3247168375 0.7992698640625 0.32477500937500003 0.7974940296875 0.33317467500000003 0.7997158765625 0.343856803125 0.80118988125 0.350840165625 0.815923671875 0.3571286109375 0.8278830921875 0.35276386875 0.830493596875 0.349719746875
1 0.6880222265625 0.40565538125 0.69353365625 0.39320497187500003 0.6945244703125 0.38041083750000004 0.6958136515625 0.365385078125 0.695532921875 0.3521035828125 0.6927502859375 0.35064504375 0.68509049375 0.3510464765625 0.679735725 0.35182345625 0.675527075 0.358692128125 0.6707506125 0.3705766171875 0.66780465625 0.385689246875 0.668508390625 0.39119245 0.6772555125 0.39959815625 0.68685798125 0.40571639687500005 0.6880222265625 0.40565538125
1 0.7193086859375 0.45564898906250006 0.7087529734375 0.456202190625 0.7026936687500001 0.46378017343750005 0.7042729671875 0.49391497968750003 0.7044634609375 0.4944628984375 0.7181426359375 0.49374600312499994 0.7246869296875 0.4894560484375 0.724748765625 0.4893143390625 0.7234326234374999 0.46420083593749994 0.7193086859375 0.45564898906250006
1 0.630699384375 0.4263463328125 0.63060705 0.4245845078125 0.6295666828125001 0.4177920984375 0.6274755875 0.40959156406249997 0.6197170734374999 0.393588659375 0.610132921875 0.39409094375 0.6034323015624999 0.40254149375 0.6010251859375 0.4120857921875 0.6063567484375 0.43398105468750003 0.607982075 0.43388152968749993 0.6102557203125001 0.43764041875000004 0.615698140625 0.4384632203125 0.6275070078125 0.43396627499999996 0.630699384375 0.4263463328125
1 0.94949545 0.5450960046875 0.94750005 0.5307963734375 0.943927775 0.524240034375 0.9501774328125 0.5214571578125 0.9501576390625001 0.521079471875 0.9356950984375001 0.5178469390625 0.9238295624999999 0.5184687859375 0.9148657265625 0.5341686625000001 0.9108018343750001 0.5437998078125 0.9149462375 0.56740494375 0.9171752968750001 0.5795164171875 0.920041390625 0.5793662125 0.9381900984374999 0.57505090625 0.9446522671875 0.5636320734375 0.94949545 0.5450960046875
1 0.7130968484375 0.5889485984375 0.703086896875 0.5882272125 0.681052384375 0.590627978125 0.6653774515624999 0.598094746875 0.6673822296874999 0.604634959375 0.672680259375 0.61058725 0.6834163484375 0.6145932265625 0.6908554109375 0.6148712796875 0.69995493125 0.6143943937499999 0.7087658203125 0.6120187234375 0.7213211562499999 0.6084534203125 0.7234758171875 0.5967112578125 0.7130968484375 0.5889485984375
1 0.5149337875 0.6114199359375 0.5215845921875 0.60729980625 0.5272412156249999 0.5919170828125 0.5294543828125 0.5843400421875 0.528460496875 0.565375565625 0.5261311937500001 0.5627809375 0.5162705671875 0.5632977109375 0.51251205 0.565210415625 0.5100951359375 0.5653370796875 0.5005596984375 0.5760739359375 0.49784402656250004 0.5859145765625 0.49883820156249997 0.597177175 0.503429584375 0.6077124625 0.5101844453125 0.61328521875 0.5149337875 0.6114199359375
2 0.5578629921875 0 0.550056640625 0.01661306875 0.549099028125 0.035936590625 0.5339381578125 0.0647321046875 0.5348787609375 0.082679884375 0.5496842109375 0.09723005312500001 0.5574064765625 0.0941971421875 0.5717380921874999 0.079429121875 0.596338171875 0.08514831875 0.6122583703125 0.113223946875 0.6296079906250001 0.118447046875 0.6600391 0.09757898125 0.6626131875 0.09656803750000001 0.6730329078125 0.1074106546875 0.6828892453125001 0.120034990625 0.6873087421874999 0.141704846875 0.68831605 0.1609254296875 0.666948965625 0.1918312140625 0.6511700296875 0.2040469484375 0.631887328125 0.21206597343750003 0.6079740484375 0.2194516390625 0.5968714796875 0.233174384375 0.6124114406250001 0.2665262484375 0.6208204546875 0.27659826249999997 0.6355184109375001 0.2688195125 0.6626746359375 0.2481230078125 0.6829607359375001 0.2216541375 0.705852721875 0.20731353593750002 0.7201386015625 0.19167186875 0.7250857359375 0.16075053749999998 0.7362799250000001 0.14877507968749998 0.7422064749999999 0.16160536718750002 0.73760773125 0.1741111484375 0.7452562781250001 0.1947357984375 0.7743355859375 0.210733 0.7999568171875 0.2234071765625 0.797277209375 0.23493636874999999 0.792495421875 0.2439475625 0.8075316812500001 0.26768919062499996 0.804668928125 0.2757237625 0.7629023687500001 0.268276021875 0.73633741875 0.2626597328125 0.7037404515625 0.2547314328125 0.6641537984375 0.263814546875 0.6401349984375 0.2817184515625 0.639177384375 0.3010419421875 0.6548229125 0.3238755578125 0.6650594875 0.3312236296875 0.704691975 0.32301415625 0.7199532640624999 0.31345375781249996 0.7369824328125001 0.312561296875 0.7628465890625 0.31733823437500003 0.7883305609375 0.327391434375 0.796922725 0.3409581015625 0.81680065 0.344296640625 0.828392925 0.352449703125 0.8293684359375 0.3585309671875 0.8362843953124999 0.3651770125 0.856056753125 0.37903375 0.8682722421875001 0.37401326562500004 0.867475975 0.33375631562499997 0.869665825 0.300351315625 0.8652424265624999 0.2410111296875 0.8582488906249999 0.22035221875 0.8404413515625 0.20639246249999998 0.8283912109375 0.18950280625 0.8254189875 0.1703852703125 0.8138267109375 0.1622322046875 0.7916036796875 0.164272940625 0.7744969328125 0.1511525078125 0.7602529390625 0.129997525 0.754706571875 0.1118909078125 0.746586271875 0.0947953296875 0.739821575 0.078504784375 0.7244369171875 0.07317860781249999 0.7152673265625 0.073659165625 0.6971292921875001 0.10351971093750001 0.69048805 0.102115571875 0.687227165625 0.0900217328125 0.6899526093749999 0.07936614843749999 0.704770025 0.04880358125 0.7062909765625001 0.027698510937499997 0.701565815625 0 0.7014243984374999 0 0.678095609375 0.016035282812500003 0.66417211875 0.0009958937500000001 0.647752171875 0.00098038125 0.6361319578125 0.0173583921875 0.6279239359375001 0.0361858484375 0.6127860109375 0.06063275781250001 0.60228865625 0.035777178124999996 0.6060950859374999 0.020684715625 0.6218412625 0 0.5578629921875 0
2 0.83787120625 0.4115336453125 0.8545679937499999 0.40484958750000005 0.8767682125 0.3938346421875 0.8962101546874999 0.38033718125 0.9081324734375 0.3738014609375 0.9196085609375 0.35875120625 0.8894578984375 0.3517933640625 0.8876419562500001 0.3505750265625 0.8745296703125 0.35050625625 0.8490065953125001 0.3518438625 0.8414066296874999 0.354311625 0.80892848125 0.369805846875 0.792843753125 0.38050029375 0.7779760234374999 0.397698609375 0.7827218968749999 0.4046743015625 0.7962730171875 0.412502034375 0.8054700078125 0.4132317203125 0.83787120625 0.4115336453125
2 0.7563617515625001 0.48343536093750006 0.7657808953125 0.481816721875 0.7770011625000001 0.4786016703125 0.80963959375 0.4806431875 0.8122374640625001 0.4805070390625 0.8346283718749999 0.4749247515625 0.846310378125 0.4638042890625 0.8487940500000001 0.461047053125 0.8512091015625 0.456979903125 0.8501450171875 0.43667595312499996 0.847249409375 0.43157356093750004 0.8339489375 0.4261712828125 0.8147313781250001 0.4271784328125 0.8103841125000001 0.4302217640625 0.7898625734375 0.439835221875 0.7779401890625001 0.44637094531250004 0.7457521218750001 0.450684925 0.7269887703125 0.4695614390625 0.727186175 0.47332813125 0.7334230765624999 0.48463752656250003 0.7563617515625001 0.48343536093750006
2 0.6229101546875 0.653525965625 0.6421105046875 0.6608853406249999 0.6438231828125 0.6607955828125001 0.6608982296875 0.6515350953125 0.6704022203125 0.6449045921875001 0.679107271875 0.6334992671874999 0.6789028421875 0.6295985125 0.6719232203125001 0.6237994859375 0.6422805281249999 0.6095839390625 0.6364913375000001 0.599374621875 0.6397801656250001 0.5869374234375 0.646009321875 0.5804785484375 0.659122596875 0.5675265046875 0.6588618234375 0.5500189921875 0.654396540625 0.5274754546875 0.6453228906249999 0.5158536140625001 0.6433464828125001 0.51595719375 0.62950779375 0.52877981875 0.631261675 0.5497132625 0.6307758734375 0.5655078437500001 0.618926725 0.5775175906250001 0.6024788890624999 0.602033184375 0.606426575 0.6272320203125 0.6091698156249999 0.6419812609375 0.6229101546875 0.653525965625
2 0.624736559375 0.5005432265625 0.623000571875 0.5050145015624999 0.6091865546874999 0.517127221875 0.604253365625 0.5357830171875 0.612007425 0.545889359375 0.62169885625 0.5535827859375 0.6474214093749999 0.5449094375 0.6600857921875 0.5359231578125 0.661309153125 0.5091392515625001 0.6652668312500001 0.48440219375 0.6679464390625001 0.47287300312499997 0.664502453125 0.45728440625 0.652978809375 0.45044186406250003 0.67274384375 0.4523674390625 0.672628084375 0.4501586203125 0.6611320953125001 0.41803838437499996 0.64919265 0.41707821875000006 0.6237495890625 0.41841163281249993 0.6211333625 0.419258515625 0.6142034640625 0.4248781046875 0.6096962984375 0.4391312796875 0.6098794437499999 0.4426258953125 0.6268946140625 0.45399894218750003 0.6353952578125 0.4658183484375 0.6310712359374999 0.4835661390625 0.624736559375 0.5005432265625
2 0.8265424359375 0.7714141671875 0.81005565625 0.7722782031250001 0.7764234515624999 0.7731227109375001 0.7581287750000001 0.7745405515625 0.7490088625 0.8108227953125 0.7340466046875 0.8524605781249999 0.7243377890625 0.8658222390624999 0.6919987843750001 0.8679760765625 0.673930890625 0.8620375296875 0.6537991828124999 0.8677729921875 0.6543232765625 0.877773309375 0.65702768125 0.89000614375 0.6730129625 0.9029392796875 0.6736715578125 0.903822809375 0.6940619953125 0.9073444875 0.706826228125 0.9172332375 0.723101246875 0.9261159156250001 0.7284421296875 0.9258360124999999 0.731120321875 0.92514063125 0.7459060625 0.9151851499999999 0.7556149 0.9018234890624999 0.7655396578125 0.8925817859375 0.7758002609375 0.8897489015625 0.787844771875 0.8859044828125 0.8091314515624999 0.871477028125 0.812064609375 0.8690281593750001 0.822743946875 0.8625010812499999 0.8368122234375001 0.86222285 0.8682178453124999 0.865626271875 0.8974557578125 0.8627168749999999 0.912241496875 0.85276139375 0.912204359375 0.840369553125 0.9200333562499999 0.826188365625 0.9235771265625001 0.8237074953124999 0.9275744593749999 0.8065138875000001 0.8903265125000001 0.8084659703125 0.874988984375 0.8078927078125 0.896958228125 0.7948065859375 0.9324223171874999 0.7938660375000001 0.9464426093749999 0.7926722421875 0.95163116875 0.788037621875 0.94907914375 0.739342065625 0.9481368265624999 0.7315324984375 0.940737359375 0.730543203125 0.9101342734375001 0.73076995625 0.893682325 0.7206154484375 0.8731370765625 0.7258234531250001 0.8604471218749999 0.7407184171875 0.852151459375 0.7576782343749999 0.8265424359375 0.7714141671875
2 0.7174536609375 0.844890221875 0.7415644343750001 0.8142487296875001 0.7409777875 0.8147384953125 0.7416475796875 0.811762921875 0.7413115125 0.8053503781250001 0.7204370265625 0.7982469546875001 0.7051260296875 0.7990493703125 0.7004236703125 0.8003387875 0.6791130015625 0.8143084765624999 0.6721105828125 0.8325776203125 0.6675746078125 0.851176525 0.679093621875 0.8606714765625 0.6936045765625 0.8571568203125001 0.7122699796874999 0.8511292875 0.7174536609375 0.844890221875
2 0.6752856375 0.341828290625 0.6918207421875 0.3442859125 0.716087209375 0.34301416093750003 0.719525209375 0.33308337187500003 0.7183148015625 0.32167106562500003 0.7178589765625001 0.31297341875 0.7054174890625 0.2975594140625 0.6911092578125 0.2932599234375 0.66187136875 0.29616931874999997 0.6543759625 0.2933489421875 0.6369318296875 0.29931246875 0.6262285234375 0.30538175 0.616111840625 0.310961259375 0.5907056093749999 0.31688303906250004 0.5956757046875001 0.32993443437500003 0.6049681171875 0.34367735 0.64829831875 0.3409474875 0.6543565609375 0.33971194374999997 0.6752856375 0.341828290625
2 0.7820267734375 0.7164432640625 0.7735806015625 0.6902880796875001 0.758713734375 0.68671585625 0.754796028125 0.6869211749999999 0.7523124390625 0.691402696875 0.734506815625 0.695002796875 0.7269029765624999 0.7025131984375 0.7236908875 0.73024010625 0.755803628125 0.7386956687499999 0.7581231859375 0.73857410625 0.782087490625 0.7176018296875 0.7820267734375 0.7164432640625
2 0.157518603125 0.5148059843749999 0.166033525 0.49924699375000003 0.1675911140625 0.46538396249999997 0.1727081234375 0.4740056359375 0.1893137328125 0.523807490625 0.1972287078125 0.5349494734375 0.213179784375 0.5341135125 0.2043497671875 0.49279400312500005 0.1961520578125 0.4381065875 0.21671312187499997 0.47436637968750006 0.22875520468750002 0.48795905 0.23180789062499998 0.4895808328125 0.2451934125 0.490657303125 0.23891485 0.4598718953125 0.26583943125 0.452237940625 0.2779987765625 0.40448453124999995 0.3331630765625 0.40159349375 0.3654973 0.4647909546875 0.3742445828125 0.45366474375 0.3946905515625 0.42414570781250005 0.3989066703125 0.39014335 0.4090580078125 0.3549409359375 0.43255236406249997 0.358154571875 0.46053142031250005 0.3833577828125 0.45628298906250003 0.4040270671875 0.455097096875 0.4449825203125 0.47602584531250003 0.4501085546875 0.5133238828125 0.4623776171875 0.5468199968749999 0.4784018484375 0.5795585703125 0.49268780625 0.606515459375 0.49838692343749996 0.6155273140624999 0.5050264999999999 0.6312178312500001 0.5246508624999999 0.6528616765625 0.5688548156250001 0.6607765984375 0.579996734375 0.6758165953125 0.58720939375 0.6870223859375 0.5848442171875 0.7056603406249999 0.5589758203125 0.7237872140625 0.523355425 0.735253640625 0.500529884375 0.733862415625 0.45422678281250006 0.73324069375 0.44236361874999997 0.7192016453125001 0.42314051406250003 0.707313075 0.3997609828125 0.64375109375 0.35686493124999996 0.5527211624999999 0.2985177265625 0.44560468125 0.2765729796875 0.38832017812499997 0.27585018125 0.32712603281249997 0.2790572296875 0.1928028296875 0.336048925 0.139325365625 0.3584092046875 0.1119078125 0.38207070781249997 0.106937225 0.42032454374999995 0.10874079375000001 0.45473867031250004 0.12763856093749998 0.491480371875 0.1389554078125 0.516667809375 0.157518603125 0.5148059843749999
2 0.5473820171875 0.4052028 0.5547626125 0.404816 0.5660906953125 0.3878681453125 0.5650805734375 0.36859386875 0.5616546328124999 0.35411141874999996 0.5455698499999999 0.3016379609375 0.547393528125 0.2855474484375 0.5681350359375 0.277479171875 0.5679090437500001 0.2731669859375 0.5638705734375 0.26069153906250003 0.5476281234375 0.234643675 0.54477515625 0.2347931921875 0.514847475 0.24126768593749998 0.5036706578125 0.24851799218749998 0.4856991609375 0.278783884375 0.489941975 0.29189063125 0.5045829140625 0.3337764828125 0.5214621171875 0.39447379531250004 0.523450925 0.4054312953125 0.5473820171875 0.4052028
1 1 0.57647261875 0.9995555625 0.567992246875 0.9793800953125 0.573047090625 0.9661863500000001 0.5757379328125001 0.9548505781250001 0.5821658609375 0.95502424375 0.5854795875 0.9627985546875 0.5959091390625 0.967475125 0.6003292171875 0.9738900015624999 0.6039917499999999 0.9802351484375 0.6063250453125 0.9879356921875001 0.60713018125 0.99793106875 0.6066063453125 1 0.602264625 1 0.57647261875
2 0.7476901234375 0 0.748260053125 0.0079736578125 0.7537725875 0.0283448625 0.759370521875 0.0333831015625 0.7804577859374999 0.045607071875 0.80029114375 0.0339043734375 0.8072093718750001 0.030209528125000003 0.8199503046875 0.018878528125 0.8318743328125 0.00892323125 0.8469456781250001 0.008133375 0.8656677328125 0.00915158125 0.8424971890625 0.025027896875 0.8499031312499999 0.030637875 0.8636541875000001 0.0385811515625 0.87517925625 0.037977148437500004 0.890057353125 0.016537265625 0.8903853296875001 0.0075148671875000005 0.8901892421875001 0.0037732968749999997 0.886276834375 0 0.7476901234375 0
1 1 0.869995753125 0.9981342109375 0.8650370515624999 0.9926195296874999 0.8590854 0.9684598328125 0.86035155625 0.9655756640625001 0.8714085624999999 0.97254785 0.8857051890625 0.9820054828125 0.89653925625 0.9990589265625 0.89964426875 1 0.898917346875 1 0.869995753125