1 0.35512368125 0.27913256249999996 0.37137353281249996 0.289854309375 0.4074242109375 0.2766006140625 0.392845540625 0.2531201609375 0.3830365703125 0.24499579843750002 0.3594000703125 0.25005465312499997 0.3497516203125 0.26168078437500003 0.35512368125 0.27913256249999996
1 0.3769765203125 0.34426845156249997 0.371286478125 0.3444671515625 0.360285234375 0.3511712125 0.3531967453125 0.36216007656250004 0.353346975 0.36646211093750003 0.3631158484375 0.3918193234375 0.3648456578125 0.3921511203125 0.38180279375000004 0.3915589640625 0.3922155671875 0.37651524375 0.3896953703125 0.3649612625 0.38632279999999997 0.349203596875 0.3769765203125 0.34426845156249997
1 0.3357328953125 0.4522331984375 0.335515103125 0.4459964453125 0.3247913 0.43942612812500004 0.3269792734375 0.4414664484375 0.307228778125 0.4416269703125 0.28903537031250004 0.44596656562500003 0.2951898890625 0.460568721875 0.31049229375 0.47534870625 0.31560238749999997 0.4751702578125 0.33634941875 0.46988809375 0.33628100625 0.4679290296875 0.33333681875 0.46188250625 0.3357328953125 0.4522331984375
1 0.2514025265625 0.41816556406250005 0.243502996875 0.4142079734375 0.22879625468749998 0.41736745 0.2199302609375 0.4261439578125 0.2233582 0.44348723124999995 0.23564883124999997 0.445129796875 0.24595602656249999 0.4447698625 0.248561853125 0.4378444703125 0.2536200625 0.428943125 0.25331714375000003 0.4202686640625 0.2514025265625 0.41816556406250005
2 0.305859515625 0.2089062734375 0.3028080203125 0.2082056265625 0.299143534375 0.20833359375 0.28438638125 0.21530073125000002 0.286869665625 0.22579764062500002 0.29589681562500003 0.23821362499999998 0.2995414875 0.23808634999999997 0.3077779109375 0.23353440937499997 0.3148949453125 0.213683715625 0.31478243125 0.21046175156250002 0.305859515625 0.2089062734375
2 0.3115790234375 0.3425852375 0.311568721875 0.34229026875 0.30219943437499996 0.3299963125 0.29513158281249996 0.3245985265625 0.2863070015625 0.33523191875 0.2865469046875 0.3421018671875 0.2894172390625 0.35796010312500004 0.2982183546875 0.367530809375 0.30751053125 0.360856146875 0.3115790234375 0.3425852375
2 0.249944890625 0.341212815625 0.265097953125 0.33062921562500003 0.2653043328125 0.3163341140625 0.2448888421875 0.3058897578125 0.24264465156249998 0.3059681265625 0.23732647031249998 0.32001558124999996 0.23767742187500002 0.33006550625000003 0.23996812968749998 0.338386125 0.249944890625 0.341212815625
2 0.2362995078125 0.36775578124999997 0.22921991249999998 0.3771754796875 0.232637225 0.3841118953125 0.2423384078125 0.3933022625 0.2460025640625 0.39317430781249996 0.25518525468750003 0.3842215234375 0.2549112375 0.376374703125 0.2399500453125 0.36621715 0.2362995078125 0.36775578124999997
1 0.41579119999999997 0.058517920312500006 0.40152208749999996 0.0410869234375 0.3902516 0.033233321875 0.38897475937500003 0.0332779109375 0.366209940625 0.0391948859375 0.366704571875 0.0533592953125 0.3692494703125 0.06655624843749999 0.38252666562500004 0.083533559375 0.3827303328125 0.0835264484375 0.40500204531249995 0.080124815625 0.4119015484375 0.07565042968749999 0.416127871875 0.068158953125 0.41579119999999997 0.058517920312500006
1 0.8041268046875001 0.3443111953125 0.7999930859375 0.33493942187500003 0.80011613125 0.3384629984375 0.7910571796875 0.33666261875000003 0.7834607890624999 0.3312832921875 0.7801301734375 0.341983225 0.769584046875 0.3430570796875 0.762983771875 0.351048890625 0.7626490421875001 0.355225646875 0.763198709375 0.37096605781249997 0.7743210031250001 0.38097883125 0.78327444375 0.38066616875000003 0.795028759375 0.37462498125 0.804148671875 0.36301730625 0.804412253125 0.352485371875 0.8041268046875001 0.3443111953125
1 0.900207059375 0.8560812703125 0.8824599687499999 0.8529967421875 0.8767951234375 0.8648452234375 0.877321921875 0.8799307515624999 0.8785420890625 0.8822385265625 0.8921531703125 0.8881133921875 0.8964183796875 0.8890228125 0.9121559234375001 0.8858895 0.9119891953125 0.8811150453125001 0.9105160437500001 0.8684216234375001 0.9114683453125 0.8661998531249999 0.9112015796874999 0.858560665625 0.900207059375 0.8560812703125
1 0.6449126921875 0.7994145109375 0.637938325 0.793221765625 0.623470959375 0.788082375 0.62021834375 0.78753269375 0.6162203390625 0.7876723078125 0.609692653125 0.8026750249999999 0.6061534156249999 0.82255471875 0.6245560890624999 0.8349195796875 0.6313735109375 0.834681509375 0.6361944390625001 0.8342060140625 0.644835034375 0.8240262265625 0.6457165359375 0.82243358125 0.6449126921875 0.7994145109375
1 0.6133212890624999 0.714926071875 0.611884128125 0.7149762578125001 0.5914502265625 0.721185584375 0.588815934375 0.7265693890625 0.5866799765625 0.7462236843750001 0.596025846875 0.7511891328125 0.6052978921875 0.7540404328125 0.62084395625 0.7568765890625 0.6225695421874999 0.7568163296875 0.6260504796874999 0.7517569984375 0.6253815796875 0.7326022203125 0.6227345703125 0.72803083125 0.6133212890624999 0.714926071875
1 0.388167775 0.6554005203125 0.3826758828125 0.6486916828125 0.367430534375 0.6566326015625 0.362885121875 0.6679041375 0.35919207656249996 0.6833793578125 0.36634885 0.684464228125 0.3752972234375 0.68415174375 0.3795734609375 0.68108008125 0.388420996875 0.6717750375 0.3887008609375 0.6706661296875 0.388167775 0.6554005203125
1 0.475570140625 0.4537404453125 0.46071874375000005 0.4452415375 0.4425808 0.44259393124999996 0.43951151250000003 0.4427011125 0.434114565625 0.455687409375 0.434351040625 0.462459153125 0.4396071640625 0.474929784375 0.445626578125 0.48421171718749995 0.45212992500000004 0.48916404062499996 0.46421481093750006 0.4887420265625 0.47654679375000003 0.481708140625 0.478850975 0.47639960625000005 0.4781869140625 0.457383403125 0.475570140625 0.4537404453125