1 0.9060351890625 0.426543796875 0.9051244734375 0.41998971249999995 0.9042403609375 0.4158170375 0.89018541875 0.41304643125 0.8880435828125 0.4130090453125 0.8759707078125001 0.416404028125 0.875250259375 0.428314040625 0.8746647859375001 0.4313956265625 0.87443999375 0.44427390000000005 0.8773895109375 0.45258115156249995 0.8885216046875 0.460852065625 0.904447328125 0.4616996125 0.908541909375 0.46177108437500003 0.9089281359375001 0.43964414375 0.9060351890625 0.426543796875
1 0.8636233343749999 0.5282254015625 0.8571745312499999 0.537788021875 0.8568362265625 0.5571694359375 0.8619183093749999 0.5650922734375 0.8782751828125 0.5676853734375 0.8931485328125 0.5671757875 0.9086752234375 0.5586010203125 0.9179273718750001 0.5507827015625 0.9181929203125 0.5355694921875 0.906041925 0.5289658203125 0.8636233343749999 0.5282254015625
1 0.97142638125 0.529819325 0.965902221875 0.523809715625 0.9569102375 0.5189145640625 0.9499135781250001 0.5187924374999999 0.94134003125 0.5214579828125 0.934936090625 0.5359609812499999 0.9332243484375 0.5459306890625 0.932982746875 0.5597720640625 0.9389236203125 0.5717983453125 0.9485923250000001 0.5758131093750001 0.9661216890625001 0.569965496875 0.96833911875 0.5603892125 0.9710294625 0.5525588203125 0.97142638125 0.529819325
1 0.8138111984374999 0.5226677125 0.8011654734375 0.52244698125 0.7933707359375 0.5251271 0.7851534734375 0.5331847359374999 0.7824172796875 0.5577402140625 0.7957757937500001 0.56361161875 0.8084637109375 0.5638330875 0.822841615625 0.5553703890625 0.826176853125 0.5405641875 0.8299948453124999 0.5421685109375 0.8198463640625 0.5286646296875 0.8138111984374999 0.5226677125
1 0.7336994781249999 0.599043240625 0.737383415625 0.586293365625 0.737615953125 0.584958865625 0.7382084140625 0.551016775 0.7380095078125 0.5504245890624999 0.72890715625 0.543089759375 0.7200640625 0.542935403125 0.716970303125 0.5439065203125 0.7047171249999999 0.567845509375 0.70445341875 0.582953234375 0.704595078125 0.59187183125 0.7131251390625 0.609960578125 0.72896046875 0.60613643125 0.7336994781249999 0.599043240625
1 0.95732373125 0.7139831140624999 0.9499559359375 0.7174424625 0.9514579703124999 0.7415593640625 0.9556425656249999 0.7441952421875 0.9617227265625001 0.7484018859375 0.971448378125 0.7548850671875 0.9830370515625001 0.755087346875 0.9898257312500001 0.7468421890625 0.9954589296874999 0.7325886171875 0.9930090265624999 0.7187065593749999 0.980410565625 0.713360978125 0.9704050546874999 0.713698890625 0.95732373125 0.7139831140624999
1 0.9262457734374999 0.8960940000000001 0.9105535218749999 0.89171955625 0.9028191515625 0.8941473859375 0.8915081609375 0.903176159375 0.8868019281249999 0.9116006421874999 0.8867019390624999 0.9173289406249999 0.8899034875 0.9270625499999999 0.8937463953125 0.9271296281250001 0.897650821875 0.9258363453125 0.90681815 0.9273577953125001 0.9156603171875 0.9275121359374999 0.92345586875 0.9237239374999999 0.92975071875 0.9156327265625 0.9302424953124999 0.9094905203125 0.9262457734374999 0.8960940000000001
1 0.935092946875 0.8022447734375 0.9418905578125001 0.785136775 0.9406030578125 0.7707624046875 0.922925815625 0.7699412890625 0.9117221531249999 0.7728211218750001 0.9075106187499999 0.793762896875 0.9139216046874999 0.8010507109375 0.926940334375 0.8043533875 0.935092946875 0.8022447734375
1 0.81426168125 0.133212884375 0.8142581984374999 0.13341244375 0.817860840625 0.1440819796875 0.8256078765625 0.1416889234375 0.8348265156249999 0.142362353125 0.843285140625 0.14251 0.8578962125 0.140209890625 0.8581292078124999 0.1268615890625 0.8432852421874999 0.1204695984375 0.83367318125 0.12030181874999998 0.821745278125 0.12060621406250001 0.81426168125 0.133212884375
1 0.943810953125 0.23179297656250003 0.9438795828125001 0.22786117187500002 0.9278897578124999 0.22305052500000003 0.9270322343749999 0.2230355578125 0.917349778125 0.235481125 0.9189592687499999 0.231408665625 0.9076124999999999 0.2424870703125 0.8962868687500001 0.2527750359375 0.8962237562500001 0.2563907328125 0.9016794515625 0.2616614734375 0.9024241890625 0.26167447187500004 0.9169830671874999 0.256489971875 0.9312536421875001 0.2541762296875 0.943810953125 0.23179297656250003
1 0.7503706609374999 0.0643237765625 0.7468454343750001 0.0636165828125 0.71057295 0.0629834453125 0.7103229484375 0.0630127640625 0.7026224578125 0.0688747109375 0.6979436015625 0.0726390375 0.696399375 0.0813206796875 0.6963769156249999 0.08260735625 0.7001499625000001 0.0930613390625 0.7108300937500001 0.097862946875 0.7255753734375 0.0993518234375 0.7306456796874999 0.0994403265625 0.7467391359375 0.096182146875 0.753973259375 0.09284701875 0.7635893203124999 0.081766890625 0.7637153203125 0.0745483265625 0.7630400015625 0.0726215046875 0.7503706609374999 0.0643237765625
1 0.9052141859375 1 0.9068035968749999 0.9973386765625 0.9071681859374999 0.9881176203125 0.9073659484375 0.9767878203125001 0.9001733453125 0.967435603125 0.8894899046875 0.9648661265625 0.8800431140624999 0.968275746875 0.874524659375 0.9771156265625001 0.87275594375 0.9899512359375 0.8727134953125001 0.9923831171874999 0.8771067109375 1 0.9052141859375 1
1 0.8701667046875 0.0727916265625 0.8699938578124999 0.0826940390625 0.870462840625 0.0864412640625 0.8710882515625 0.09402692968750001 0.8801600875 0.0941852796875 0.8868829203124999 0.0932810390625 0.9135916765625 0.074087578125 0.9014360078125 0.06631497187499999 0.8780520984375 0.0659068046875 0.8701667046875 0.0727916265625
1 0.801929953125 0.44370653125 0.8037958656249999 0.45711391093750003 0.8079170453125 0.4814177671875 0.81540823125 0.48626032031250005 0.8295451953124999 0.48650708125 0.8348698703125 0.4745669078125 0.8351076234375 0.4609460515625 0.8232757203125001 0.441570540625 0.814300996875 0.4414138859375 0.801929953125 0.44370653125
1 0.9502635390625 0.0628270515625 0.9397813046874999 0.06568814218749999 0.9326312968750001 0.0768697609375 0.930771684375 0.083795115625 0.9556324843749999 0.085665825 0.9621044718749999 0.0817328453125 0.9638654390625 0.0804589828125 0.96686105625 0.074858075 0.9669597031249999 0.06920657031250001 0.9606622140625 0.06474801875 0.9502635390625 0.0628270515625
1 0.9443739656249999 0.0204795875 0.9417947484375 0.016727025 0.9286832031250001 0.007655321875 0.9253667406250001 0.007597432812500001 0.9171140421875 0.024254859375 0.9148260578125 0.041296095312499996 0.92344890625 0.0414466078125 0.9373780640625 0.041689742187500003 0.9387046296875001 0.041712896875 0.944039715625 0.039628734375 0.9443739656249999 0.0204795875