2 0.5621783687499999 0.1910848421875 0.563077246875 0.19061416874999998 0.5702586171874999 0.1796902375 0.5694571234375 0.16820809375 0.56080159375 0.165798746875 0.54954195625 0.166214125 0.540091328125 0.175175234375 0.5399152171875 0.1755786953125 0.5389445296875001 0.1894601734375 0.5621783687499999 0.1910848421875
2 0.5688533671875 0.23213032656250002 0.568226228125 0.21840545156250002 0.5555374453125 0.21631543749999999 0.5406801812500001 0.22013907656249998 0.5378110765625 0.2289074453125 0.533927784375 0.23880362968750002 0.5339227281250001 0.23887593906250001 0.5387318046875 0.2442663390625 0.5595660046875001 0.245723209375 0.5688408390624999 0.23230949218750002 0.5688533671875 0.23213032656250002
2 0.60595116875 0.280293084375 0.610500375 0.28061119687499997 0.6146205578124999 0.28012068437500004 0.6266050453124999 0.272134709375 0.6287509265625 0.2586476328125 0.6263727218749999 0.2496573828125 0.6139540515624999 0.2400584953125 0.61177920625 0.239906415625 0.6038202390625 0.24726592812499998 0.6026402171874999 0.2641410203125 0.6038640875 0.27054450625 0.60595116875 0.280293084375
2 0.684871415625 0.36494330625 0.685863803125 0.3507515109375 0.6771217578125001 0.33968693125 0.6736805218749999 0.3378593734375 0.6586793640625 0.3368103890625 0.658600471875 0.3374469375 0.65772465625 0.3499716765625 0.65959930625 0.3590308640625 0.6619463390625 0.367504309375 0.6647336484374999 0.3689845921875 0.6821691171875 0.3702037984375 0.684871415625 0.36494330625
2 0.9156420781250001 0.41628981249999997 0.9230548890625 0.416808165625 0.935190565625 0.4138166703125 0.944943684375 0.40983200000000003 0.9462784750000001 0.39074359531249997 0.9460093687500001 0.388101134375 0.9370482609374999 0.3786504859375 0.9286141734375001 0.3788629046875 0.9138606890625001 0.38344653281249996 0.910326490625 0.3886919734375 0.9088942890625 0.40917339375 0.9156420781250001 0.41628981249999997
2 0.6009324640625 0.046469971875 0.6116030703125 0.043006515625000005 0.6081975296875 0.03434914375 0.594414321875 0.0249661171875 0.5768940234375 0.023139590625 0.5627328359375 0.028466390624999997 0.5617282968749999 0.0428319671875 0.5661607890625 0.047262296875 0.5864435390625 0.048680604687500004 0.6009324640625 0.046469971875
2 0.5318118562499999 0.12427031562499999 0.5393537562499999 0.12996880156249999 0.548604084375 0.1306156484375 0.5544322984375001 0.1184770125 0.5549530171875 0.11392436718750001 0.5556087828125 0.1045464859375 0.5464759734375 0.09465730781250001 0.5453853671875 0.0942068515625 0.540643746875 0.0938752859375 0.532751925 0.1017194671875 0.5305812640625 0.10746626875000001 0.5302209703125 0.11261869531249999 0.5318118562499999 0.12427031562499999
2 0.4284726609375 0.35018724687499997 0.4312483625 0.35109139375 0.4401680640625 0.3517151203125 0.445452478125 0.34816584375000004 0.45167578124999996 0.3365682625 0.4537128484375 0.323692453125 0.44708684375 0.316192775 0.44238361875 0.313130828125 0.43829499375000003 0.312844925 0.42950863437500003 0.318172334375 0.42607454687499996 0.32521873125 0.424803346875 0.343397734375 0.4284726609375 0.35018724687499997
2 0.635379690625 0.1460814828125 0.6418294640625 0.14653249375 0.651674353125 0.14527043906249998 0.666712953125 0.13670008125 0.6627184484375 0.12499465624999999 0.6489779125 0.11727236875 0.6462095171875 0.11707878281249999 0.6285597203125 0.12020056718750001 0.618360890625 0.1289223390625 0.6175883843750001 0.139969690625 0.6186156265625 0.1430724890625 0.635379690625 0.1460814828125
2 0.8973204265625 0.15500027031250002 0.9068504531249999 0.14812246093749998 0.90970639375 0.13308066093749998 0.8998833140625001 0.1187566484375 0.8944020625 0.11565889843749999 0.890243159375 0.1153680796875 0.8836609624999999 0.12044548749999999 0.8816455203125001 0.14926766875 0.8865992968749999 0.1539260109375 0.890692925 0.1545368296875 0.8973204265625 0.15500027031250002
2 0.9555140171875 0.20449271093750002 0.9752844328125001 0.2058751921875 0.9843533203125 0.2044627109375 0.9955679234374999 0.19321947343749998 0.9927514328125 0.18761015625 0.9762804718750001 0.182248778125 0.966952184375 0.1779882515625 0.9578417578125 0.181753328125 0.9491426921875 0.191984096875 0.9487784984375001 0.1971923078125 0.95154011875 0.20337096406250002 0.9555140171875 0.20449271093750002
2 0.934010890625 0.49579973749999995 0.9509840234375 0.493979746875 0.9611074125 0.486869775 0.9610205359374999 0.47664037343750004 0.9582965359375001 0.46721016718749997 0.9515635421875 0.46274883906250003 0.9395474859374999 0.46251000312499996 0.9221977000000001 0.46971597656249997 0.9240485453125 0.47766326875000004 0.934010890625 0.49579973749999995
2 0.9121239953125 0.51628799375 0.9142699125 0.51188480625 0.9151130562500001 0.49982728906249996 0.9142983828125001 0.49522130625000005 0.9063666874999999 0.48824918593750005 0.8934799328125 0.48333713906250003 0.88451676875 0.48899592500000005 0.883186578125 0.5080185390625 0.8901506578125 0.5128252546875001 0.89310884375 0.514958325 0.9121239953125 0.51628799375
2 0.76909585 0.0699204078125 0.7572858375 0.055262992187500005 0.739810553125 0.06426435 0.7387108328124999 0.0653902296875 0.737712203125 0.07967130312500001 0.7456794421875 0.08331019687499999 0.7584180609375 0.0842009671875 0.7677535359375 0.0776443921875 0.76909585 0.0699204078125
2 0.399103315625 0 0.392365859375 0.0008986328125 0.39140944218749996 0.0145760375 0.4034197609375 0.03148350625 0.41186461718749995 0.036472857812499995 0.412997875 0.036552103125 0.41920265468749995 0.029378435937500003 0.4220027953125 0.0151349375 0.422979584375 0.00892100625 0.42337922812500006 0.0032058250000000003 0.41161528281250004 0 0.399103315625 0
2 0.35626495937499997 0.16102281875 0.363054028125 0.15248680625 0.3650799 0.14530995 0.365900165625 0.13357960156249998 0.3644521015625 0.12760634375 0.35456327656250003 0.12024222656250001 0.34424883125 0.1195209703125 0.34291157656250004 0.125744621875 0.341070746875 0.152069709375 0.3464082640625 0.160333571875 0.35626495937499997 0.16102281875
2 0.1975342359375 0.162453809375 0.2065530625 0.1630844671875 0.20915890625000003 0.161598028125 0.21190404062499998 0.1505907453125 0.212162390625 0.14689617500000002 0.208232059375 0.13185237656249998 0.1983375390625 0.127149565625 0.18830023125 0.1416891953125 0.18829279999999998 0.1417593609375 0.1871511359375 0.15808591875 0.19031981874999998 0.156427590625 0.1975342359375 0.162453809375