1 0.57333315625 0.3192152015625 0.5556057015625 0.36449095468750004 0.5555118125 0.3662824671875 0.598538071875 0.40033299375000003 0.5994720890624999 0.40038194374999997 0.626248453125 0.3600305703125 0.6263083828125 0.35888703125 0.5741745375 0.319259296875 0.57333315625 0.3192152015625
1 0.6581440328125 0.2402530734375 0.66617218125 0.2990463796875 0.6725830859374999 0.29938236093750004 0.7019560499999999 0.28878238437500003 0.7033112874999999 0.2629229140625 0.70174091875 0.2264656875 0.6581440328125 0.2402530734375
1 0.7461074390625 0.3063648984375 0.7289947265625 0.3359769328125 0.7289273734374999 0.3372621203125 0.7579327703125001 0.3664411203125 0.758348834375 0.366462925 0.776975046875 0.3202390234375 0.7775092765625 0.3100453125 0.7616180921875 0.3071777765625 0.7461074390625 0.3063648984375
1 0.544845615625 0.0480353484375 0.5573511828125 0.064905246875 0.5636097515625 0.06523324375 0.6113613546875001 0.046989500000000003 0.6115370765625 0.043636515625 0.5915795187499999 0.0238928515625 0.544845615625 0.0480353484375
1 0.4497397296875 0.8917744375 0.4491072921875 0.855141 0.4300459140625 0.8541420343749999 0.4127663984375 0.8552576609375 0.4105230125 0.8980640031249999 0.435432940625 0.90498834375 0.449009928125 0.9056998828125 0.4497397296875 0.8917744375
1 0.3341132359375 0.8900946015625 0.365686825 0.88341905625 0.366076803125 0.8759778468749999 0.35827092656250004 0.8197788859375 0.33492138437499996 0.824923590625 0.3341132359375 0.8900946015625
1 0.1942535203125 0.47508712343750004 0.1995201234375 0.496769671875 0.213456740625 0.4975000578125 0.26567667031250003 0.49287673437499996 0.26578969531249996 0.4907201125 0.245708003125 0.46533135000000003 0.1942535203125 0.47508712343750004
1 0.37249265625 0.2890162046875 0.3103805140625 0.27961525625 0.3114937734375 0.30757179218749997 0.3512642265625 0.3122709953125 0.378333990625 0.3136896609375 0.378512725 0.310279196875 0.37249265625 0.2890162046875
1 0.6988366796875 0.4677242875 0.6757253578125 0.42264281875 0.6741608953125 0.42256082968750003 0.6491992875 0.42609704531250003 0.636999971875 0.4616822640625 0.6868459625 0.46911142968749997 0.6987313375 0.4697343171875 0.6988366796875 0.4677242875
1 0.8236680734374999 0.042875504687499996 0.8302340515625 0.0205212921875 0.830245159375 0.020309334374999998 0.787970953125 0.014405745312500001 0.7854157734375 0.014271834375 0.7829620015625001 0.026869976562499998 0.7828040875 0.029883170312500002 0.8227966328124999 0.042829834375 0.8236680734374999 0.042875504687499996
2 0.71860205 0.13120046093749999 0.7133671234375 0.1220313328125 0.7015489328125 0.111246475 0.6859081078125 0.10450015937499998 0.6842488875 0.10441320312499999 0.6768501140625001 0.109952065625 0.6761397015624999 0.141681953125 0.7020978125 0.1616758203125 0.703831478125 0.161766678125 0.716257396875 0.1577619203125 0.7182481078125 0.1570425421875 0.7192904859375 0.13715280000000002 0.71860205 0.13120046093749999
2 0.42950035781249996 0.7935876859375 0.42955565937499995 0.793590584375 0.44714465781249996 0.7843708390625 0.44785499843750004 0.7526409468749999 0.4478348171875 0.7348502828125001 0.4713181171875 0.7411637484375 0.48170122812500005 0.7429785703125 0.4878801453125 0.7312606015625 0.4885294 0.7188720734375 0.47832589375 0.6983277078125 0.4659764109375 0.6976804999999999 0.4543979 0.71867525 0.4409656453125 0.720512771875 0.43153248125 0.7187476875 0.41558245781250003 0.7140997375 0.41136396406250003 0.7037130890625 0.4085638078125 0.6845299921875 0.408392115625 0.68452099375 0.3817622734375 0.6869136 0.3690807328125 0.6926024125 0.36470336875 0.72159874375 0.3728747203125 0.7474406828125 0.3888912265625 0.7508214515625 0.40470842500000004 0.7580038203125 0.41557667187499997 0.7687388703125 0.42950035781249996 0.7935876859375
2 0.4991758984375 0.6830201921875 0.52632058125 0.6844427859375 0.527999184375 0.652413128125 0.5277962281249999 0.651059121875 0.5117133828125 0.648945590625 0.500181021875 0.6508825828125 0.4905486203125 0.652919103125 0.47658508125 0.664894153125 0.484470603125 0.6780142640625 0.4991758984375 0.6830201921875
1 0.7526863609375 0.8120919750000001 0.7588403421875001 0.8139769515624999 0.7868444109375 0.8154445828125001 0.7952278796875001 0.80789959375 0.7964556796875 0.7844717921875 0.7926938953125 0.7760859984375 0.7841221625 0.7699214578125 0.7718484015625 0.761657653125 0.75877763125 0.7649388781249999 0.74277515625 0.7829955390625 0.7426774734375 0.7836834031250001 0.7418958531250001 0.7985976015625 0.7526863609375 0.8120919750000001
1 0.88132690625 0.089961775 0.8730429890625 0.0844449 0.854890965625 0.08049864531249999 0.8539223609375 0.08044788281250001 0.841030234375 0.09547402968749999 0.8382670015624999 0.11184810625 0.8461742578125 0.12228721875 0.8603286796875 0.1230290203125 0.8730169468750001 0.1212933875 0.881898565625 0.1154054296875 0.8833798749999999 0.10531755625000001 0.88132690625 0.089961775