1 0.48872550937500003 0.31734894375 0.487605715625 0.304549646875 0.48367092500000003 0.292143740625 0.4715059734375 0.29481328906250004 0.4628171 0.3132217625 0.4631085640625 0.3249618671875 0.4686829421875 0.33334529062499996 0.4762753453125 0.332681040625 0.4862518890625 0.328819853125 0.48872550937500003 0.31734894375
1 0.8269189156250001 0.29261137656249997 0.8235426796875001 0.287301515625 0.8139562828125 0.284316165625 0.813630315625 0.28434468281249997 0.8067002125 0.2933457109375 0.8044296687499999 0.3053117984375 0.8048340453125 0.30993384218750003 0.8117011656249999 0.32853656875000004 0.8248964390625 0.3288446109375 0.829424375 0.32844846875 0.8296850390625 0.32422830468749997 0.8269189156250001 0.29261137656249997
2 0.0692018421875 0.6961052734375001 0.07304564999999999 0.6951799953125 0.0743678390625 0.676672540625 0.0730264859375 0.6613408062499999 0.068638346875 0.6448042875 0.05957675 0.6308836515625 0.0566759578125 0.62628594375 0.027916309374999997 0.6212938640625 0.027224153125 0.6213544203125 0.014945759375000001 0.636259703125 0.0115305328125 0.6496318921875 0.011640537500000001 0.6508892546875 0.033771603125 0.672131878125 0.036611878125000004 0.6821827953125 0.0513838046875 0.6941324953125 0.06757200468749999 0.696247865625 0.0692018421875 0.6961052734375001
2 0.22844585781250001 0.8920189515624999 0.22773172343749998 0.8838563562499999 0.2075301765625 0.8736552296875001 0.1859782640625 0.8815062250000001 0.1859662609375 0.8961406453125 0.1897156609375 0.9053763359375001 0.19720892968749998 0.9091970984375 0.2148832765625 0.90765079375 0.2238350796875 0.9031269343749999 0.22844585781250001 0.8920189515624999
2 0.17267431093750002 0.856447203125 0.18380385 0.8418572531249999 0.18439566406250002 0.836714859375 0.183530428125 0.8268251781249999 0.1812009640625 0.820514771875 0.1717589421875 0.8134971421875001 0.1556971109375 0.8149023703125 0.150847296875 0.819310390625 0.14544996875 0.8491346125 0.1548068640625 0.855179240625 0.1719180578125 0.8565133656249999 0.17267431093750002 0.856447203125
2 0.37609979843749997 0.8780071859374999 0.3904953859375 0.8985606 0.39218380625 0.89841288125 0.41667110156250003 0.892122109375 0.4144669296875 0.8669282968750001 0.40308685000000005 0.8582472765625001 0.385136359375 0.859817740625 0.37609979843749997 0.8780071859374999
2 0.4556364265625 0.8218288734374999 0.436112240625 0.8228013593749999 0.4172757765625 0.842841115625 0.4401511953125 0.8577602359375 0.46269842656250004 0.8476529968750001 0.46521416875000005 0.8374308750000001 0.464642840625 0.8309005796875001 0.4556364265625 0.8218288734374999
2 0.12707261718750001 0.9703272265624999 0.1264995078125 0.9637765484375 0.1213588046875 0.9513858953125001 0.1034111609375 0.94805379375 0.08979495937500001 0.9521864750000001 0.08978198750000001 0.9688554578125 0.10373065937499999 0.978545659375 0.1086526890625 0.9781150375 0.12250154375 0.9728561171875001 0.12707261718750001 0.9703272265624999
2 0.2822305234375 0.34148149375000003 0.2797924609375 0.3136143140625 0.2752077171875 0.30494889999999997 0.266106203125 0.3018233140625 0.255227090625 0.32042348125000003 0.2562817359375 0.3435329015625 0.2571468125 0.353420771875 0.2627682453125 0.352928959375 0.27594787187500003 0.3470440984375 0.2822305234375 0.34148149375000003
2 0.379904503125 0.310528859375 0.37777027812499997 0.30405092499999997 0.3578628484375 0.3006429234375 0.346299546875 0.3141609703125 0.3540048640625 0.323786253125 0.364521703125 0.3267735328125 0.375272884375 0.3258329265625 0.380558815625 0.3180076953125 0.379904503125 0.310528859375
2 0.307082990625 0.24906528749999998 0.3051240140625 0.22667408125000002 0.293411453125 0.215751853125 0.29340380625 0.215752521875 0.285553759375 0.22534688906250003 0.282789171875 0.25374656875 0.28280764375 0.2539576984375 0.2945433359375 0.26074629531250004 0.29899494843749996 0.26035682968749996 0.307082990625 0.24906528749999998