2 0.06328125 0.92109375 0.040625 0.0421875
1 0.73984375 0.921875 0.0375 0.0375
1 0.84296875 0.9515625 0.04375 0.046875
2 0.9328125 0.77734375 0.0390625 0.059375
2 0.072033075 0.45441048281249996 0.0715042296875 0.4543735015625 0.0568477578125 0.47595557031249996 0.0568197890625 0.47635554999999996 0.087799178125 0.5054909078125001 0.1186346375 0.534252975 0.16068419218750002 0.5529598203125 0.19653927031250001 0.5663064375 0.2262090265625 0.6117387859375001 0.2818865609375 0.6422379796875 0.30813630000000003 0.6447814453125 0.3185386515625 0.6455088484375 0.3229817703125 0.6347476640624999 0.3230196546875 0.6342058859375 0.2838751078125 0.6138004171875 0.25483171250000003 0.5969884828125 0.20844368906250002 0.565168103125 0.20589268125000001 0.5452816281249999 0.14910873125 0.49302629375 0.135416859375 0.500937478125 0.10513458281250002 0.48305348124999997 0.072033075 0.45441048281249996
2 0.434375 0.690625 0.03125 0.0328125
2 0.3498172453125 0.816307396875 0.3498842640625 0.816312084375 0.38129823281249997 0.791605575 0.381599875 0.7872918828125 0.3753634984375 0.77635398125 0.3741860453125 0.7762716453125 0.3736361453125 0.7766269593749999 0.34005984218749996 0.7937082546875 0.3399811296875 0.7948338828125 0.3498172453125 0.816307396875
2 0.35234375 0.5625 0.0234375 0.021875
2 0.27265625 0.56328125 0.021875 0.034375
2 0.4315167390625 0.20259303125 0.44714649843750004 0.21229305312500002 0.45484219374999996 0.2137307375 0.46524405 0.21445810625 0.4758826015625 0.20599267656250003 0.4760328421875 0.2038441359375 0.47225818906250006 0.1913847390625 0.4677879921875 0.1907496859375 0.44334209375 0.1890402625 0.43167933437499995 0.2002678125 0.4315167390625 0.20259303125
2 0.5349055500000001 0.0712395859375 0.5231429421875 0.089139721875 0.5097252984375 0.0931284484375 0.486327878125 0.0895215671875 0.4721513984375 0.085574046875 0.45377815000000005 0.08527469374999999 0.4362228765625 0.090493428125 0.43561369375 0.09920514999999999 0.46802787187500006 0.10696456406249999 0.4917681421875 0.1056684421875 0.5010575953124999 0.1043471609375 0.5340188 0.1027104875 0.5516330968750001 0.0950735828125 0.57069205625 0.0855668390625 0.574572884375 0.07753950625 0.5756578890624999 0.062023237499999995 0.5517550484375 0.06035178906250001 0.5349055500000001 0.0712395859375
2 0.42585429531249996 0.1715729859375 0.4258892546875 0.1710730421875 0.41167714999999994 0.1586323546875 0.41018317499999996 0.1585278859375 0.4014038328125 0.1628412171875 0.401376946875 0.163225696875 0.4103716828125 0.1715141015625 0.41629150625 0.1793171234375 0.41719595781249996 0.17938036875000002 0.42585429531249996 0.1715729859375
2 0 0.8070622500000001 0.0090007828125 0.8057267906250001 0.0265998484375 0.799797171875 0.0466969140625 0.7854501468749999 0.05689490625 0.7761389671875001 0.07319176250000001 0.7615262046875 0.0948899796875 0.75158725 0.11959112187500001 0.7533145218749999 0.1452985078125 0.7510065578125 0.145466425 0.748605234375 0.1407370296875 0.738018884375 0.13144857031249998 0.7373693718750001 0.1070877296875 0.7409838265625 0.08418699843750001 0.7408145328125 0.060588717187499995 0.7506206203125 0.0426906765625 0.760825440625 0.012993523437500001 0.775933240625 0 0.7856792765625 0 0.8070622500000001
1 0.75625 0.35859375 0.0453125 0.0421875
2 0.24296875 0.56953125 0.0359375 0.0328125