1 0.6482267203125 0.59747445625 0.6483023218749999 0.5960318906250001 0.6445903640624999 0.5875173031250001 0.6381473796875 0.5834810625 0.6369304390625 0.5834172859375 0.6311849125 0.594244434375 0.631112109375 0.595633584375 0.633316571875 0.60260504375 0.6351141124999999 0.6040889765624999 0.645418915625 0.604629028125 0.6482267203125 0.59747445625
1 0.3645511703125 0.5689303015625 0.360217209375 0.5792783906250001 0.35843371562500004 0.5870013984375 0.3565137015625 0.593616846875 0.357145146875 0.5942151734375 0.3700589796875 0.5948919578125 0.3722390015625 0.5932424171874999 0.3744383609375 0.58416183125 0.370594471875 0.5720057656249999 0.3645511703125 0.5689303015625
1 0.36371970937500003 0.5043600734375 0.366606553125 0.4953155171875 0.363161728125 0.48869788593749997 0.35945261875 0.4871241171875 0.3528566125 0.4945949140625 0.34977018593750003 0.5008702359375 0.349744740625 0.50094275625 0.349359290625 0.5082975890625 0.3502335859375 0.5093621625 0.3578935015625 0.5097636015625 0.35861882968750003 0.5096102515625 0.36371970937500003 0.5043600734375
1 0.405663040625 0.740934340625 0.4062173015625 0.737010534375 0.4064446828125 0.7326718249999999 0.4023070515625 0.7260451015625 0.40090070781250003 0.719994096875 0.395080971875 0.7192293109375 0.392797065625 0.7243871562499999 0.3925421296875 0.729251628125 0.392920325 0.74072633125 0.393314040625 0.7431872671875001 0.402379665625 0.7436623765625 0.405663040625 0.740934340625
1 0.389610103125 0.7832621140625 0.388379315625 0.7804388624999999 0.38550182187500004 0.776149921875 0.381057165625 0.7754572015625001 0.378626853125 0.77578961875 0.3757257734375 0.7814300921874999 0.37519862812500004 0.7914886390625 0.37862478906249997 0.7955605828125 0.383829078125 0.7949137421875 0.3866751984375 0.7932237390625 0.389610103125 0.7832621140625
1 0.7909248609375 0.3526126390625 0.791101884375 0.34923484375 0.78283060625 0.34442958125 0.7699196234375 0.34513171875 0.7645156703125 0.3489917609375 0.7643103265625 0.35290994531250003 0.7669876484375 0.35596315624999997 0.7807855171875 0.356686271875 0.7863629125 0.35598956249999997 0.7909248609375 0.3526126390625
1 0.7168481437499999 0.34325898593750004 0.71496568125 0.349908325 0.71425385625 0.352678178125 0.713899509375 0.3594395015625 0.7267899843750001 0.36011506249999997 0.728430071875 0.359039128125 0.72692029375 0.348384771875 0.724410615625 0.34365531875 0.7168481437499999 0.34325898593750004
1 0.8897211453124999 0.308975046875 0.8766439890625 0.3077712359375 0.8665993703125 0.3118509859375 0.86623096875 0.3188805140625 0.8666316265624999 0.3189398796875 0.8844132374999999 0.319871775 0.890775353125 0.3152518828125 0.8897211453124999 0.308975046875
1 0.8026012609375 0.18952403281250002 0.7986220890625 0.1824588 0.7968804578124999 0.182367525 0.7944730953125 0.18571476874999998 0.791276121875 0.196634221875 0.79066879375 0.20822273125000001 0.7945784078125 0.2133839390625 0.8004300953125 0.2125764421875 0.802168509375 0.1977814265625 0.8026012609375 0.18952403281250002
1 0.8553262640625 0.15226702812499998 0.8492405156249999 0.1479471 0.8446506093749999 0.1464766359375 0.8336062375 0.14589782499999998 0.833035334375 0.1462007734375 0.8324005765625 0.1583126640625 0.8357780484375 0.160858484375 0.8513907015625 0.16167670781250001 0.8530404015625 0.156294946875 0.8553262640625 0.15226702812499998
1 0.8569013828125 0.45732799062499996 0.86376755625 0.45492147968749996 0.8697755046875001 0.4513431875 0.872233946875 0.442648975 0.8727392375 0.433007453125 0.8703158859375 0.42744871093750003 0.8621713171875 0.4270218734375 0.8615940546875 0.42714391875 0.8553643750000001 0.43719130625 0.85493063125 0.44546765 0.8569013828125 0.45732799062499996
1 0.8011695937500001 0.604959365625 0.8014174625000001 0.6002297609375 0.7994480234375 0.5983163578124999 0.788358684375 0.598772125 0.7771338625 0.60181311875 0.769732615625 0.6077087999999999 0.7696381046874999 0.6095122 0.7706843265625001 0.6127585546875001 0.78741704375 0.6136354796875 0.797472509375 0.609619065625 0.8011695937500001 0.604959365625
1 0.7352989859375 0.8060895515625001 0.730932578125 0.8172083000000001 0.7423116953125 0.8178046546875001 0.7554500078124999 0.8143451468749999 0.7592390328125 0.8014034750000001 0.745351103125 0.7992924515625 0.7352989859375 0.8060895515625001
1 0.0675061453125 0.5215399406250001 0.07067527343749999 0.5116812937499999 0.071040134375 0.5047193296875 0.0670394390625 0.5007677421875 0.059175325 0.5024303421874999 0.053715709375 0.50767696875 0.050237635937500004 0.5135371578125 0.0501460796875 0.5152841546875 0.053557478125 0.5227498234375 0.056854 0.525279675 0.0655513046875 0.52573548125 0.0675061453125 0.5215399406250001
1 0 0.8151471921875 0.0029734578125 0.811818290625 0.00628159375 0.7981598359375 0.0016087718750000001 0.791046065625 0 0.791519334375 0 0.8151471921875
1 0.024116234375 0.72639070625 0.029776900000000002 0.7201834421875 0.0299145921875 0.717556140625 0.0206360828125 0.7116798796875 0.0083028328125 0.709478109375 0.0006873484374999999 0.7126331687499999 0.0006717796875 0.7129302515625 0.0062731046875 0.72181486875 0.013937857812500001 0.72956358125 0.017920360937499998 0.7297722953125 0.024116234375 0.72639070625
1 0.225579725 0.4534949640625 0.21422804218749997 0.4529000484375 0.2138036546875 0.45299868125 0.21136867812500001 0.4543480796875 0.210754590625 0.46606555937499994 0.21460468281249998 0.466267334375 0.2183241140625 0.46581041250000005 0.2261418625 0.46142969218749996 0.2295941359375 0.4565208140625 0.225579725 0.4534949640625
1 0.1512459796875 0.45062542499999997 0.1429409265625 0.4463989375 0.1421111453125 0.46223210000000003 0.1465712421875 0.4655567609375 0.15254267500000002 0.46610175312499996 0.1539186890625 0.456756146875 0.1512459796875 0.45062542499999997
1 0.914182853125 0.5275599265625 0.9117483796875 0.5274323421875 0.9056704718749999 0.5284987937500001 0.9021279625 0.536294053125 0.9021797765624999 0.5461779203125 0.9033741609374999 0.5539974734374999 0.9141942359374999 0.5545645296874999 0.9178128609374999 0.5519889859375 0.916201325 0.5450125390625 0.9172065609375 0.5367042515625 0.914182853125 0.5275599265625