1 0.3370035890625 0.6580771203125 0.33707858125 0.657004671875 0.3166673515625 0.6406790484375 0.3157292359375 0.6406134484375 0.28617688281250003 0.6684390375 0.3103617703125 0.6919265296875 0.311091671875 0.6919775687499999 0.3370035890625 0.6580771203125
1 0 0.7678975390625 0.027623853124999997 0.783363965625 0.029158381249999997 0.7834712703125 0.0335838296875 0.735916628125 0 0.7255964859375 0 0.7678975390625
1 0.3345706375 0.271950815625 0.33553727968749997 0.25812719375 0.3335794796875 0.257990290625 0.2899587859375 0.27822222343749997 0.289333709375 0.2871612359375 0.2985033625 0.312048965625 0.3033747171875 0.3123896046875 0.331992084375 0.2896478265625 0.3345706375 0.271950815625
1 0.029868360937499998 0.13172806406249998 0.028505818750000002 0.14208547968750002 0.0250770859375 0.1911186328125 0.0254856828125 0.1911472046875 0.063348834375 0.1620656734375 0.0635603671875 0.1590406109375 0.0324058296875 0.1319055015625 0.029868360937499998 0.13172806406249998
1 0.184096534375 0.13457069531250002 0.183116934375 0.148579634375 0.20474944687500002 0.18471128750000002 0.23571149375 0.161192803125 0.19690824843750002 0.1171623625 0.184096534375 0.13457069531250002
1 0.4896239546875 0.513988221875 0.4724375453125 0.47392770312500004 0.443331309375 0.48162389843750003 0.443309878125 0.4819303796875 0.4556871625 0.5172634453125 0.4722528078125 0.5184218281249999 0.4896057625 0.5142484046875 0.4896239546875 0.513988221875
1 0.7495971531250001 0.33155651875 0.7152769609375 0.32468150625000003 0.6942221734375 0.34321802031250004 0.694028990625 0.345980671875 0.693724775 0.360047640625 0.7028391984375 0.3606849828125 0.7208052921875 0.35937742500000003 0.7495971531250001 0.33155651875
1 0.655128425 0.1423326375 0.66837575625 0.1530877375 0.6692520515625 0.1531490140625 0.6891642625000001 0.146757265625 0.68937946875 0.1436796640625 0.6891062078125 0.13063419375000002 0.6751562609375 0.11457901875000001 0.6558166703125 0.1001576375 0.6381169015625 0.0838402484375 0.63024585 0.08150355468750001 0.6295119015624999 0.0814522328125 0.6294876 0.0817997609375 0.636927646875 0.100847384375 0.6488879937500001 0.12380061406250001 0.655128425 0.1423326375
1 0.505546190625 0 0.49814190312499995 0.00452975 0.4869315078125 0.0210793921875 0.48088054687500004 0.035728903125 0.48074184375 0.036225765625 0.479946146875 0.047604757812499995 0.4836912390625 0.052459671875 0.49936298125 0.053555546875000005 0.506576815625 0.0420475390625 0.5251573046875 0.020737862500000002 0.5273780234375 0.012102943750000001 0.5280284734375 0.0028010703125 0.5262842812499999 0.0006170265625 0.5174603875 0 0.505546190625 0
1 0.5011007249999999 0.0944012640625 0.5082051328125 0.078626478125 0.49988674531250005 0.06402833125 0.4804771484375 0.0506072921875 0.47236746093750004 0.048029575000000005 0.464856865625 0.06179733281250001 0.46447096875 0.06731592343750001 0.474018596875 0.07830443125 0.48913823125 0.0884095515625 0.499035046875 0.09425681875 0.5011007249999999 0.0944012640625
1 0.765004946875 0.2771754203125 0.76916724375 0.282308371875 0.8088896421875 0.2850860328125 0.8131625578125 0.2774441828125 0.8144194234375 0.25947016562499997 0.8059617359375 0.25215504843750003 0.810854965625 0.23968544375 0.8006369828125001 0.22766645625 0.7842591203125 0.21747765000000002 0.758248140625 0.2156587859375 0.7450023375 0.2144507609375 0.7423970828125 0.214268584375 0.7422133468750001 0.216896134375 0.7434031812499999 0.2266788203125 0.7484617265625 0.240597940625 0.759103284375 0.26093648125 0.765004946875 0.2771754203125
2 1 0.5073704796875 0.996588428125 0.45704516249999994 0.9743689734375 0.488524790625 0.9648360109375 0.5113796671874999 0.9456292921875 0.5464949328125 0.9239542359374999 0.5790853953124999 0.9043841015625 0.5941819749999999 0.89489691875 0.591166409375 0.8652666609375 0.6114398890625 0.8377185031250001 0.6271546484375 0.8140529078125001 0.6125629453125 0.78573206875 0.6141108187500001 0.7610386234375001 0.639433784375 0.741972696875 0.685143540625 0.7206021078125 0.7259878203125 0.7011727640625 0.7516788875 0.6308426234375 0.79923330625 0.6175776765625 0.8124185875000001 0.6069951359375 0.8250663906250001 0.5718998796875 0.885669315625 0.5167446171875001 0.9053339703125 0.46470390781250004 0.90567419375 0.41469477968749996 0.902177215625 0.362276334375 0.9079203015624999 0.327650315625 0.9113793875 0.30163427187499997 0.9177927421875 0.2566799234375 0.942875028125 0.2229901921875 0.9581603296875001 0.192646715625 0.9754696703124999 0.19260733593749998 0.97603281875 0.51430008125 1 0.9649822046875001 1 0.9911686609375 0.6139124375 1 0.511830828125 1 0.5073704796875
1 0.6981223796875 0.2177893578125 0.7011719953125 0.2038119765625 0.6829488125000001 0.2025376875 0.6635026374999999 0.20831534375 0.6521718984375 0.2189843984375 0.6510371609375001 0.22161377343750002 0.6498542734375 0.23852985000000002 0.6514065203125 0.23961480000000002 0.6751126953125001 0.24127249687500002 0.686546240625 0.2319677703125 0.6981223796875 0.2177893578125
1 0.751749275 0.453385090625 0.753818978125 0.45352981718749996 0.750580965625 0.41455758749999994 0.7269153640625 0.399965928125 0.7164689359375 0.3980593421875 0.709867075 0.41067712500000003 0.7096972734375 0.41310538750000003 0.71346378125 0.42842716249999996 0.7165640125 0.434524321875 0.7309061 0.44375974687499997 0.751749275 0.453385090625
1 0.801859428125 0.47098597187499996 0.8298413078125 0.47294265625 0.8243656046875 0.459772459375 0.812544178125 0.4470337046875 0.800639828125 0.435480390625 0.7812734515625 0.4270066984375 0.780783703125 0.426892403125 0.7798697437500001 0.43996263124999996 0.7802933953125 0.442396078125 0.7879129328125 0.45841468125 0.799775809375 0.470560690625 0.801859428125 0.47098597187499996
1 0.2136550609375 0.532811775 0.22925568125 0.5482039171875 0.2428790375 0.5237321109375 0.23597876874999998 0.49464711875 0.2269532125 0.47892023437500003 0.2185048953125 0.47197335 0.19922195468749998 0.46665238750000004 0.177794665625 0.47108452031250003 0.177593809375 0.4739569046875 0.178549775 0.4757832046875 0.18656289375 0.4943696453125 0.19864709687499998 0.5174610625 0.2136550609375 0.532811775
1 0.45076068593749996 0.7058129796875 0.4601290984375 0.72276138125 0.467929840625 0.7233068625 0.483318096875 0.7161629703125 0.4854138265625 0.6861926390625 0.47796793906249996 0.680317628125 0.46789672812500005 0.6766353515625 0.45574373437500004 0.6686382296875 0.449166690625 0.66043546875 0.43934418593749996 0.6531969546874999 0.429697221875 0.6484955765625 0.429100115625 0.6484538234375 0.41878351406250003 0.6534788890625001 0.41859670156249995 0.6561504484375 0.418210275 0.6713741 0.4251220421875 0.6861519687500001 0.440147515625 0.6985191796875 0.45076068593749996 0.7058129796875
1 0.3212716125 0.7289531671875 0.33240522499999997 0.73262584375 0.34196913281249997 0.7332946171875 0.34976589062499996 0.7211109375 0.3435091484375 0.7090562921875 0.33646742500000004 0.6990297171875001 0.3244607046875 0.6929124234375 0.307008678125 0.6916920578125 0.30133179062500004 0.698956328125 0.30685639375 0.7136438875 0.31449086249999997 0.7237119109375 0.3212716125 0.7289531671875
1 0.3705211421875 0.47441494687499997 0.38314322500000003 0.46139642500000005 0.3839578265625 0.449747078125 0.3731685859375 0.4365547375 0.35491943593749997 0.42602762343749995 0.35343729062499996 0.42592398124999997 0.332631503125 0.4300619 0.33257463125000003 0.430365303125 0.3312167703125 0.4497836265625 0.3399000109375 0.4656889796875 0.3539975578125 0.483525253125 0.35826277812499996 0.48382350625 0.3705211421875 0.47441494687499997
1 0.2968318453125 0.42632578906249996 0.2980828671875 0.435758484375 0.2997995421875 0.435878525 0.3143449390625 0.434270234375 0.3220332453125 0.4289519734375 0.3349521546875 0.41307037031249993 0.3328945625 0.38872031093750004 0.3194246671875 0.379297175 0.3185362 0.3792350484375 0.3097318078125 0.385148684375 0.3001119 0.3971637375 0.2984624375 0.40300724062500004 0.2968318453125 0.42632578906249996
1 0.14028639375000002 0.47831260000000003 0.1489726515625 0.46575043281250006 0.1403295078125 0.4497816390625 0.12769029999999998 0.4414645234375 0.1027025765625 0.4397172125 0.0965695421875 0.44549210625 0.09502221875 0.46761985624999997 0.101233534375 0.47850828125 0.11321121406250001 0.48391730156249996 0.1226624765625 0.4845781984375 0.14028639375000002 0.47831260000000003
2 0.50974085625 1 0.5136125453125 0.9672271562500001 0.5217818125 0.93414285 0.5146660375 0.8963316156250001 0.49068299687500005 0.8624623187499999 0.4797919125 0.8507261156249999 0.49062037500000005 0.8214859671875001 0.500630390625 0.7899937515625 0.51186615 0.754928984375 0.51349535 0.7316303468750001 0.504233459375 0.6965955609375001 0.48904629687499995 0.6765109015624999 0.47140362343750003 0.649669753125 0.4589264625 0.632701115625 0.44486324843749997 0.6105001609375 0.430749090625 0.5890272171875 0.40032377343750003 0.5620768734375 0.38087343906250004 0.5709067390625 0.3729037953125 0.5871772265625 0.3625844984375 0.60913650625 0.35512786093750004 0.632027596875 0.35421671250000003 0.6360542687499999 0.3528179484375 0.65605753125 0.36234940937500004 0.682284225 0.3781514015625 0.7075333453125 0.3868963671875 0.7220460531249999 0.397532928125 0.737422665625 0.412669175 0.75823545 0.416612784375 0.7855819296875 0.4182575734375 0.8178891828125 0.41816350625 0.84714826875 0.40789512187500004 0.8683794796875001 0.40519281406249996 0.8930662843749999 0.420333015625 0.927780546875 0.43700446875 0.9545537812499999 0.45203889999999997 0.9768226515625 0.4560064953125 0.9981446234375 0.4825396203125 1 0.50974085625 1
1 0.7673175453125001 0.1593871078125 0.75920075625 0.1333218296875 0.7392255765625 0.12376580625 0.7214420953125 0.12660190468750002 0.7104864328125 0.141134403125 0.7023557203124999 0.15970482187499999 0.7021665125000001 0.162410625 0.728474459375 0.1791088703125 0.746521978125 0.1834305953125 0.757528703125 0.1791007296875 0.7673175453125001 0.1593871078125
1 0.8390660765625 0.353392553125 0.8237699640624999 0.32955001875 0.8235029453125 0.329520128125 0.792902096875 0.32738030937499996 0.7794986453125 0.3284940890625 0.76647338125 0.33982215625 0.758470371875 0.3668000078125 0.7697923140625 0.37983055781249997 0.7873628234375001 0.38003931562500004 0.7960672375 0.3867674109375 0.7992891656250001 0.3877915234375 0.8160137046875 0.38896101562499996 0.8190347078125001 0.386333671875 0.830203228125 0.36875630625 0.8387955921874999 0.3572606625 0.8390660765625 0.353392553125
1 0.8960702328125001 0.4179080453125 0.8854694296875 0.42736582656250005 0.8822377953125 0.4319893375 0.8814865125000001 0.442733190625 0.8860114703124999 0.451809409375 0.8960656578125 0.452512465625 0.910202828125 0.445413840625 0.91735423125 0.43061532031249994 0.9261692609375001 0.4138933140625 0.9339593531249999 0.38996032187499996 0.927514975 0.3732632125 0.92739180625 0.3732546 0.9154348859375 0.381525615625 0.9084964531249999 0.39327931562499996 0.8998163796875 0.41398072499999994 0.8960702328125001 0.4179080453125
1 0.15792955 0.306918034375 0.17707144375 0.300609853125 0.17898990937499998 0.2869868625 0.17904793125000001 0.286157115625 0.167928790625 0.2709168046875 0.1588966328125 0.25422928749999996 0.13549938749999998 0.2446548390625 0.13349367031249998 0.24451458593750003 0.122623215625 0.25210204375 0.12127439843750001 0.2713910328125 0.12161788281250001 0.276853378125 0.1368993375 0.2916841515625 0.1523848953125 0.30653031406250003 0.15792955 0.306918034375