2 0.18591727656249998 0.49983534531249996 0.181276803125 0.49650848906249995 0.1648424515625 0.4953592875 0.1613379828125 0.4957111140625 0.1584409453125 0.5027250171875 0.1610063703125 0.5119250078124999 0.16911788125 0.5221141796875 0.1706989765625 0.5223961781249999 0.185301509375 0.5234172859374999 0.189116740625 0.522911275 0.1901855796875 0.5178797484375 0.1907353 0.5100183671875 0.18591727656249998 0.49983534531249996
2 0.2186252515625 0.5277817609375 0.2354309765625 0.52835556875 0.243526475 0.5166474671875 0.2447339671875 0.4993795296875 0.2277917203125 0.4981948125 0.21796010937500002 0.5007250578125 0.21509100625 0.509493428125 0.2111864609375 0.5194437671875 0.2186252515625 0.5277817609375
2 0.23362191718749997 0.5771882374999999 0.2362636265625 0.5910100953125 0.238530184375 0.6015970046875 0.2470200953125 0.6005862734375 0.25691369375 0.5939935828125 0.2585926 0.5699841046875 0.2486598359375 0.5623066718749999 0.242548634375 0.5618793359375001 0.23613683281250003 0.5678082140625 0.23362191718749997 0.5771882374999999
2 0.320446640625 0.643904090625 0.318764421875 0.6486045703125 0.3175644875 0.6657644140625 0.331661890625 0.6667502 0.33510640937499997 0.665498425 0.34330769375000003 0.657664396875 0.344744946875 0.6371107078125 0.3439245609375 0.63475348125 0.3296800625 0.6337574078125 0.3239501078125 0.635839753125 0.320446640625 0.643904090625
2 0.32034200625000003 0.8960612671874999 0.319857315625 0.902992671875 0.32293861874999996 0.9154926781249999 0.327019240625 0.9254806468749999 0.338150975 0.92738111875 0.34865415624999996 0.92631148125 0.3546817078125 0.9205961546875001 0.35593826875 0.9026264953125 0.3533087578125 0.8941627999999999 0.3501996875 0.8920680171875001 0.32631483906250003 0.890397825 0.32034200625000003 0.8960612671874999
2 0.026776634375000004 0.5000943953125 0.0173936078125 0.5138776046875 0.01556708125 0.531397903125 0.021145228125000002 0.5462273 0.0337717734375 0.5480520390625 0.039689787500000004 0.5421311375 0.041108095312499995 0.521848390625 0.0388974625 0.5073594625 0.036668867187499996 0.50049335625 0.02740856875 0.4998458125 0.026776634375000004 0.5000943953125
2 0.091856221875 0.48777251093749996 0.10084970156249999 0.496820609375 0.10866511406249998 0.49977261874999995 0.12340054687499999 0.49776067812499997 0.1277786953125 0.491966234375 0.1285866546875 0.4804118609375 0.12066150625000001 0.47660669999999994 0.10221185625 0.4753165734375 0.093787540625 0.483096559375 0.091856221875 0.48777251093749996
2 0.326677075 0.40540006875 0.32361265 0.41480774531250003 0.328698478125 0.4223798875 0.3402960625 0.42860319062499996 0.35317186875 0.4306402578125 0.360671546875 0.4240142515625 0.3647870984375 0.4176926640625 0.364862590625 0.41661305937500004 0.3586919875 0.40643604218749996 0.35278769374999996 0.40355856250000005 0.33268550937499997 0.40215288125 0.326677075 0.40540006875
2 0.10600469531250001 0.5744507203125 0.10045691406249999 0.591494284375 0.1002633296875 0.594262678125 0.1059981515625 0.6089442265625 0.11703373125000001 0.6145289390625 0.127613653125 0.60082945625 0.13023356875 0.5912560203125 0.13068458125 0.584806246875 0.130037978125 0.5677865578125 0.127108340625 0.5663374875 0.1160609890625 0.56556498125 0.10600469531250001 0.5744507203125
2 0.0882842890625 0.82049838125 0.0879840625 0.8204773875000001 0.0795287 0.8238034609374999 0.06901128281249999 0.8353047874999999 0.06826038125 0.846043178125 0.0685424328125 0.8519138500000001 0.07745418281250001 0.86046526875 0.078752840625 0.8605560796875 0.08778880781250001 0.8604793390625 0.094510209375 0.8557309609375 0.0963938984375 0.82879296875 0.0882842890625 0.82049838125
2 0.11940945781250001 0.9041843125 0.115412440625 0.918344134375 0.118317709375 0.9369975140625 0.129560946875 0.9482121171875001 0.1351702609375 0.9453956265624999 0.14053164375 0.9289246656250001 0.1430291 0.9234565609375001 0.14351511249999999 0.916506259375 0.14102709375 0.9104859515625 0.1307963234375 0.9017868859375 0.12558811406249998 0.9014226921875 0.11940945781250001 0.9041843125
2 0.4103056984375 0.953209228125 0.4205351015625 0.9531223499999999 0.4299653078125 0.9503983500000001 0.4344266359375 0.94366535625 0.434665471875 0.9316492999999999 0.42763081718749996 0.9147119984375 0.42613690000000004 0.9146075343750001 0.41951220625 0.916150359375 0.4013757359375 0.9261127046875 0.40319572812500004 0.9430858375 0.4103056984375 0.953209228125
2 0.4276588296875 0.8967501609375 0.4311223109375 0.9074207218750001 0.44226952500000005 0.911408971875 0.4529511046875 0.9057785468749999 0.45931775156250004 0.9025884171874999 0.4607546171875 0.8820402890624999 0.459419790625 0.8809096437499999 0.439778615625 0.8795362000000001 0.4314883796875 0.8849852046875 0.4276588296875 0.8967501609375
2 0.041224184375 0.6734848703125 0.034250528125 0.67861251875 0.02290468125 0.6946649890625001 0.034177612499999996 0.7066945171875 0.0443062125 0.707402778125 0.052061103124999994 0.69911035 0.052786778125 0.6887327109375 0.049379164062499994 0.6772638703125 0.041224184375 0.6734848703125
2 0.0230509421875 0.32858868124999996 0.0202508 0.3428321796875 0.0183961125 0.35463096250000004 0.03474983125 0.3590875578125 0.0494943296875 0.3571209578125 0.050489342187499994 0.34289159687500004 0.038833834375 0.3264836109375 0.030388978125 0.321494259375 0.029255721875 0.321415015625 0.0230509421875 0.32858868124999996
2 0.1516691328125 0.2928874921875 0.144123753125 0.3030197171875 0.1434219484375 0.313055990625 0.1597502609375 0.3165644015625 0.1741192421875 0.3175691796875 0.1842899140625 0.311000078125 0.18498932343750002 0.30099805625 0.17654959374999998 0.2942855625 0.1757851625 0.29406978125 0.1532829171875 0.2924962703125 0.1516691328125 0.2928874921875
2 0.17884640937500002 0.1496470125 0.1773651765625 0.16363553125000002 0.177177765625 0.1663156421875 0.180865996875 0.1643854078125 0.189545678125 0.1716355671875 0.19534789531250002 0.1720412984375 0.1997050828125 0.169555846875 0.202911190625 0.1567001875 0.20297025 0.15585560468749998 0.1987782359375 0.13981019687500001 0.196893209375 0.138914253125 0.1867455390625 0.1382046578125 0.17884640937500002 0.1496470125