1 0.4122361546875 0.6351379781250001 0.395466146875 0.6360168578125001 0.3936820671875 0.6526389421875 0.393796059375 0.6632584859375 0.394731034375 0.6726544296875 0.4008770515625 0.6788703296875 0.42133136562500006 0.6777983640625 0.4241802265625 0.6654528765625 0.42351493125 0.652758284375 0.4211148578125 0.6441175875 0.4122361546875 0.6351379781250001
1 0.3576808078125 0.47354450468750003 0.3513078625 0.478600946875 0.3482176984375 0.49231092812500005 0.3482895125 0.4936812234375 0.35024279687500004 0.5004981171875 0.3648679875 0.50091221875 0.3690866359375 0.505413621875 0.3814564265625 0.50934189375 0.400300596875 0.5083543125000001 0.399444659375 0.49202207343750004 0.3983558234375 0.48971234218750004 0.3809686734375 0.47881742968749996 0.3773764515625 0.4778250703125 0.3576808078125 0.47354450468750003
1 0.327658859375 0.5882914953125 0.341371115625 0.5796073890625 0.345693653125 0.5710338421875 0.345522346875 0.5677651296875 0.34329691093750003 0.560035121875 0.339556603125 0.556248403125 0.3295488921875 0.556772884375 0.31954116093749996 0.5572973671875 0.3097647125 0.562235025 0.30266683125 0.5732276921875 0.2982647578125 0.59154754375 0.2986938296875 0.5997347343749999 0.312682640625 0.5990016109375 0.3140160140625 0.598299634375 0.319059796875 0.5931674484375 0.327658859375 0.5882914953125
1 0.723143125 0.3691112984375 0.7131936750000001 0.36556638750000003 0.693329640625 0.3807683859375 0.6813730265625 0.400423753125 0.6883573875 0.4097933578125 0.69686013125 0.4114507828125 0.7001848749999999 0.411276540625 0.7157251453125 0.40260621093750004 0.7229386703125 0.3938200953125 0.7241049703125 0.38746440625 0.723143125 0.3691112984375
1 0.040481465625000004 0.19912877812500002 0.0206973203125 0.20459091406250002 0.013231548437499999 0.231091415625 0.0204009953125 0.24399156562500002 0.031571878125 0.2523011703125 0.054780537500000004 0.25108485625 0.063913075 0.23986749375 0.062371771875 0.2104576875 0.058442853125000006 0.20394034218749998 0.040481465625000004 0.19912877812500002
1 0.24917071875 0.3414468984375 0.24812296093750003 0.321454478125 0.2417692421875 0.3082954515625 0.2329107421875 0.3087597046875 0.22815713125 0.32058774375 0.2221852609375 0.33329719375 0.21525964687500002 0.35314029062499996 0.214289503125 0.384686215625 0.21431165624999998 0.3851089125 0.21556149375000003 0.38660595937500003 0.2206502609375 0.3863392671875 0.2266655078125 0.385009409375 0.24354690781250002 0.369367021875 0.246778290625 0.3550303015625 0.24917071875 0.3414468984375
1 0.6651310046875001 0.45671731718749997 0.6806384765625 0.4537300359375 0.680582753125 0.452666784375 0.6773883765625001 0.4427990484375 0.6745247375 0.43321349062500003 0.6676328890625001 0.4256091296875 0.6607640828125 0.4184461203125 0.6485739703125 0.41111943125000006 0.637121640625 0.40383539375 0.6326715796875 0.4040686125 0.6270110671875 0.4051690296875 0.6211763312499999 0.4237668 0.621240465625 0.42499055781250006 0.6293112765625 0.43779567343750003 0.6398509406249999 0.4474214734375 0.6513830296875 0.4534550453125 0.6651310046875001 0.45671731718749997
2 1 0.711367196875 0.97638239375 0.7152181125 0.9248279625 0.728442690625 0.896539896875 0.7094643875 0.8571206531250001 0.6983993515625 0.8533306312500001 0.698597978125 0.82447423125 0.70330309375 0.8049573375 0.717771540625 0.791403628125 0.741865653125 0.7822409890625 0.760468321875 0.7771057031249999 0.79639776875 0.77483553125 0.7985253375 0.7886903000000001 0.7977992406250001 0.80501034375 0.793181546875 0.8311458671875 0.78596589375 0.8529990984375001 0.7554015296875 0.8860531390625 0.7618448140625 0.9061079062499999 0.7916456453125 0.9072222156249999 0.791587246875 0.9238727015625001 0.784613803125 0.930946746875 0.7707974578125001 0.9663838468750001 0.7625097000000001 1 0.7617991281250001 1 0.711367196875
1 0.7735032000000001 0.3464129625 0.7691044812500001 0.346643490625 0.7670042796875001 0.34875906875 0.750564296875 0.3661849421875 0.747364959375 0.39011426875 0.7473942984375 0.3906740796875 0.7696956703125 0.4107629234375 0.7912518140625 0.4096332140625 0.8023102906249999 0.3869512421875 0.8013321093749999 0.3682864265625 0.780732128125 0.35248672812500004 0.7735032000000001 0.3464129625
1 0.8655392125000001 0.012411921874999999 0.8470232296875 0.00026519687499999996 0.8158286765625 0.001900034375 0.802292040625 0.032950115625 0.8024964078125001 0.036849665625 0.8199955390625 0.06205580468750001 0.8228573734375001 0.0637550921875 0.841023884375 0.062803025 0.8523551828124999 0.0555130171875 0.866802709375 0.035214732812499996 0.8656933765625 0.0140474015625 0.8655392125000001 0.012411921874999999
1 0.09900198125000001 0.523695040625 0.0675517765625 0.5253432765625 0.0557220328125 0.526520434375 0.0416485375 0.5354336359375 0.0405513703125 0.5372813515625 0.0409025421875 0.543982125 0.0435216015625 0.5480530640625 0.068665146875 0.5885219484374999 0.0903546421875 0.5950068859375001 0.1292795375 0.5929669171875 0.147163628125 0.5834995609375 0.155454009375 0.556721440625 0.1384154421875 0.5321790765625 0.09900198125000001 0.523695040625