1 0.9161046 0.5568003421875 0.9067132843750001 0.5524477390625 0.898365590625 0.559368240625 0.8877342640625001 0.5810073234375001 0.8813907890625 0.5942679265625 0.881468621875 0.5987269359375 0.892341578125 0.6023804125 0.9047843046875 0.58748450625 0.9039968249999999 0.5908856484375 0.9161046 0.5568003421875
1 1 0.6551846171875 0.976126415625 0.65067824375 0.9649984406250001 0.650872484375 0.9631525328125001 0.6513683453125 0.9497805671874999 0.6625599703125 0.9501072203125001 0.6812739234375 0.9508870171874999 0.6843465140625 0.954863296875 0.6842771078125 0.973988471875 0.6796218281249999 0.9967097328125 0.664572965625 1 0.6603096796875 1 0.6551846171875
1 0.9392627359375 0.715861565625 0.9386256656249999 0.7071443078125 0.93131615625 0.7050898015625 0.927053346875 0.7046494765625 0.9130937453125 0.7048931421875 0.9056681843750001 0.708083265625 0.902233240625 0.7139807312500001 0.902609778125 0.735552540625 0.9045260109375001 0.7414143156249999 0.9241811562500001 0.741071234375 0.9302870640625001 0.7294744843750001 0.9392627359375 0.715861565625
1 0.4551240234375 0.7648860375 0.46130481874999996 0.7647781515625 0.4639440078125 0.76020025625 0.46714977031249993 0.7479881109375001 0.46244675312499994 0.7397128234375 0.45759790312500004 0.7230827 0.4433434515625 0.7225717515625 0.4347457046875 0.7196827765625 0.43048020156250005 0.7250858921875001 0.43064836250000005 0.7347197921874999 0.4334212328125 0.7417389890625 0.43996577031250006 0.75757975 0.4497160703125 0.76120836875 0.4551240234375 0.7648860375
1 0.5889069046875 0.6531591875 0.5921199359375 0.652000859375 0.5919426265625 0.6418428453125 0.5879343171875 0.632769225 0.5847967609375 0.627125778125 0.5740042453124999 0.61819701875 0.55590079375 0.6155036109375 0.5532018046875 0.615550721875 0.5520595859374999 0.6175572578125 0.5522759921875 0.6299551203125 0.5576724203125 0.6401353046875 0.5669657625 0.6502298718749999 0.5802687234375 0.6533099671875 0.5889069046875 0.6531591875
1 0.3828857140625 0.57545875625 0.392650234375 0.56902028125 0.39327889531250004 0.5629484921875 0.3930399890625 0.5492615265625 0.3870722859375 0.545741396875 0.38449784375 0.545786334375 0.365768371875 0.552394865625 0.3500170984375 0.5640662328125 0.344099946875 0.573286659375 0.34042444375 0.579430215625 0.3404828765625 0.5827778218749999 0.3509704890625 0.5885519109375 0.3567970921875 0.58845020625 0.3670548953125 0.582572940625 0.3828857140625 0.57545875625
1 0.3215325609375 0.5968794421875 0.3275631953125 0.5906345359375 0.3270991765625 0.564050971875 0.32882138125 0.5647806734375 0.3183953703125 0.55508575625 0.3125398015625 0.5460708234375 0.3008913515625 0.55281086875 0.30114289375 0.5672217515625 0.30585029375 0.5872147265625001 0.3121959640625 0.5916625343749999 0.3198529921875 0.5969087578125001 0.3215325609375 0.5968794421875
1 0.1299992203125 0.4136195296875 0.11298933124999999 0.4184750078125 0.10804051249999999 0.426956215625 0.10858914374999999 0.4583872234375 0.11859154218750001 0.45821263125 0.1227400625 0.4547733765625 0.1281050984375 0.43568568125 0.1307147015625 0.42196442031250003 0.1299992203125 0.4136195296875
1 0.0242728578125 0.6317601515625 0.038522134375 0.6298223468749999 0.044257375 0.6225783109374999 0.044240028125000004 0.6215844828125 0.041252017187500004 0.612110234375 0.029640309375 0.5997768484375 0.0251030140625 0.600995690625 0.025872487500000003 0.6015520796875 0.009852746875 0.59784295625 0.0016751828125 0.60033456875 0.0019920859374999997 0.618489990625 0.0034246468750000003 0.621317834375 0.0081608078125 0.6314919515625 0.0097707734375 0.6320132859375 0.0242728578125 0.6317601515625
1 0.1796675203125 0.3518622109375 0.1796668171875 0.351821984375 0.177893340625 0.3370718078125 0.165611590625 0.32987850937499996 0.145923459375 0.3336410953125 0.13536958125 0.338383884375 0.1295717484375 0.354440084375 0.12890170625 0.359580171875 0.12720310937499998 0.360901059375 0.1272438859375 0.3632371484375 0.134281959375 0.3657372109375 0.16832613125 0.3651429671875 0.174513303125 0.361063303125 0.1796675203125 0.3518622109375
1 0.3237443078125 0.886418203125 0.31608699218749997 0.8721163875 0.306270403125 0.8646901187499999 0.3013346375 0.8630316265625 0.2958351078125 0.8631276218749999 0.2847298484375 0.8711442046875 0.29112855 0.8786301328125001 0.298295765625 0.897499071875 0.311583271875 0.9079038046875001 0.31492161093750004 0.9032869625 0.3237443078125 0.886418203125
1 0.3869868421875 0.9223491781250001 0.39570080625 0.9133256031249999 0.3910243078125 0.9065693765624999 0.382440778125 0.8936133109375 0.3671606796875 0.888751634375 0.3649516921875 0.8927789421875 0.365721165625 0.8933353296875 0.349222903125 0.9044351796875001 0.34922369531249997 0.9044806124999999 0.3569747 0.9145713890625 0.368486975 0.9212083 0.38412156249999996 0.922399190625 0.3869868421875 0.9223491781250001
1 0.32206539843750004 0.92455705625 0.3170551640625 0.9246445109374999 0.3074381921875 0.92738968125 0.3018875453125 0.9358439468749999 0.2980723625 0.9457874437499999 0.2971054171875 0.955681225 0.30016909687500004 0.9644957749999999 0.3176138671875 0.9641912749999999 0.3232164125 0.949907125 0.326274534375 0.9395999640625 0.326205878125 0.935666709375 0.32206539843750004 0.92455705625
1 0.0249876 0.9208542078124999 0.030306221875 0.9129170265625 0.029775915625 0.8825358078125 0.027419560937499997 0.8754923546875 0.0264433078125 0.8755093953124999 0.0069669828125 0.8882522734375 0.018081959375 0.9047730203125001 0.0244384734375 0.9208637921875 0.0249876 0.9208542078124999
1 0.603894934375 0.4864359875 0.6201554171875 0.4719087875 0.6228862937499999 0.4673441609375 0.6228829359375 0.467151790625 0.6087308640625 0.45600699999999994 0.5861065984375 0.46073684843749996 0.5747393890625 0.4717726125 0.567461615625 0.48056952500000005 0.5654098734375 0.48710267656250006 0.5654594484375 0.48994282499999997 0.5735498015625 0.4971534453125 0.5800809828125 0.49703944375000003 0.59242506875 0.4915904109375 0.603894934375 0.4864359875