1 0.6427575203125 0.4474429265625 0.65007209375 0.4708063828125 0.669810096875 0.4926652734375 0.6699075031249999 0.49266016874999996 0.69677888125 0.488398534375 0.6911169953125 0.44861539375000004 0.6838118718749999 0.42717561249999997 0.663602434375 0.41475838906250007 0.6635547171875 0.41476089062500004 0.6467153125 0.42040534375 0.6418236562499999 0.42962373906250007 0.6427575203125 0.4474429265625
1 0.769357128125 0.85802066875 0.757603146875 0.877371746875 0.7596719171874999 0.9168462281249999 0.762217546875 0.9167128171875 0.7797484421875 0.9061444890624999 0.7806765296875 0.8965530265625 0.7920670015625 0.87864435625 0.7915485796875 0.8687522921875 0.7881671 0.8525892109375001 0.779926525 0.85302108125 0.769357128125 0.85802066875
1 0.750930040625 0.8736313093750001 0.738243540625 0.8708520359374999 0.7248106453125 0.871556025 0.7188646921874999 0.8845777671875 0.7193446875 0.8937366250000001 0.7318366625 0.9051689953125001 0.7452269609375 0.914964340625 0.7582609875 0.91706189375 0.7659239437500001 0.9166602953125 0.7657936046875 0.914173271875 0.7618504984375 0.904550325 0.757585109375 0.8914138953125 0.750930040625 0.8736313093750001
1 0.8547456109375 0.6253558453125 0.8502323078125 0.63100016875 0.849691325 0.6342210125000001 0.8512732921874999 0.664406734375 0.8624364765625 0.67445353125 0.867505396875 0.6741878796874999 0.89070655625 0.662608646875 0.8865305749999999 0.6502615390625001 0.875074209375 0.6336664421875 0.8657557171875 0.626127128125 0.858236659375 0.6251728875 0.8547456109375 0.6253558453125
1 0.723413009375 0.20940886875000003 0.7221009328125 0.2298043265625 0.722281171875 0.2332435 0.7245127546875 0.24052895 0.7336054765625 0.245113278125 0.739135525 0.24482346093750001 0.74789551875 0.2407206859375 0.7513069375 0.2198394609375 0.7512166421875001 0.21811652656249997 0.7319114546875001 0.1891230890625 0.723413009375 0.20940886875000003
1 0.68681994375 0.250003959375 0.678943434375 0.272110771875 0.6796597578125 0.2857790234375 0.681773728125 0.2956178578125 0.70374115 0.30934686093749997 0.7175257234375 0.2987042734375 0.724175690625 0.27355529375 0.720712234375 0.25814793593749996 0.7157964046874999 0.2555712125 0.7021454609375 0.24849220781249998 0.68681994375 0.250003959375
1 0.5352276234375 0.26153775625 0.5199958437500001 0.2829591640625 0.519963425 0.28382101249999997 0.5211366609375 0.306207684375 0.5276944515624999 0.3070843734375 0.54578955625 0.30082407031249997 0.5619716718750001 0.285102525 0.5715163484375 0.2644167734375 0.5675389234375 0.2561260234375 0.56549289375 0.2477892203125 0.5461487609375 0.248803003125 0.5352276234375 0.26153775625
1 0.48964222343749997 0.050379046875 0.507387671875 0.066206359375 0.50904229375 0.0661196453125 0.5249444859375 0.056952415624999995 0.531461078125 0.03836 0.53680594375 0.02123285 0.521941090625 0.0216336078125 0.49983940625 0.0227919078125 0.493559778125 0.041750182812499995 0.493304078125 0.0487832078125 0.48964222343749997 0.050379046875
1 0.36256352187499996 0.3417434921875 0.3579037234375 0.34003001093749996 0.327412425 0.3416279921875 0.327953434375 0.35195106875 0.33914475 0.3643262515625 0.34083268125 0.3635906640625 0.35876806875 0.3681513515625 0.36934296718750004 0.3640379296875 0.371795553125 0.35383114843749996 0.371504703125 0.3482814140625 0.36256352187499996 0.3417434921875
2 0.48252847968749996 0.4229206484375 0.45514962812500004 0.413165784375 0.4456210203125 0.41366515625 0.40872170781249995 0.42974578750000003 0.40675097656250003 0.4523037625 0.4074226515625 0.46512006718750004 0.445481115625 0.49639979843750004 0.434724615625 0.4951822375 0.4443894078125 0.49823836562499996 0.4574690171875 0.4984435359375 0.46062565468749994 0.46799577968749995 0.47988325625000006 0.4500640546875 0.4827445359375 0.4270432421875 0.48252847968749996 0.4229206484375
2 0.2831576984375 0.535145803125 0.301721978125 0.5251374625 0.314214575 0.4932697015625 0.327394040625 0.47450817343749996 0.35308653749999996 0.48301852968750003 0.38391946093749996 0.483866771875 0.38433681875 0.46675091875 0.3835559671875 0.45185138281250004 0.3656649890625 0.452789009375 0.34966897656249996 0.44130635468749996 0.32713275625 0.43427345156249997 0.3170796375 0.4421928421875 0.30286995 0.441294771875 0.2892443703125 0.4280451171875 0.27733226875 0.412241446875 0.284551503125 0.3986367890625 0.27473784375 0.3991511 0.25663821875 0.405111996875 0.24717320312500002 0.435999734375 0.23967915 0.46924839687500003 0.2328681671875 0.48028351249999995 0.205191509375 0.4809125359375 0.1953662421875 0.48142745624999994 0.17911578125 0.4974786265625 0.1799161375 0.5127503375 0.1826888296875 0.5215190093750001 0.19240221875000002 0.542366315625 0.20647559843750002 0.5578454234375 0.20798771875000002 0.5577661765624999 0.2073548171875 0.5456896703125 0.244457359375 0.548673584375 0.253011646875 0.5474038875 0.2831576984375 0.535145803125
2 0.51033488125 0.9208869484375001 0.5288988875 0.904198996875 0.556779659375 0.8854512781249999 0.5678016718750001 0.85972951875 0.58203579375 0.8503402890625 0.5819786390624999 0.826770703125 0.5609952875 0.8310134171874999 0.5571546515625 0.8139281328125 0.570772765625 0.7927848515625 0.5762078625 0.77285619375 0.5793344703125001 0.7494700015625 0.5790871796875 0.7447514203125001 0.5581045296875 0.7533753921875 0.5448560125 0.7815710609375001 0.550885678125 0.8291859578125 0.5536336000000001 0.8479000203125 0.51452193125 0.8546642656250001 0.48745886250000003 0.8552968562500001 0.4653827890625 0.8611683015624999 0.4619338828125 0.8782972984375 0.462685578125 0.892640515625 0.48094708593749996 0.8996402437500001 0.481455975 0.931829465625 0.48154956093749995 0.9632783968749999 0.47973831562499997 0.966492596875 0.49170409531250003 0.971274940625 0.495560621875 0.9710728281250001 0.49775592187499995 0.9506190390624999 0.51033488125 0.9208869484375001
2 0.32488316093749997 0.8283649203125 0.3168114203125 0.834635565625 0.3153673828125 0.8370673999999999 0.306820828125 0.8742278640625001 0.308169378125 0.899959728125 0.3607632890625 0.9236345187499999 0.38135657031250003 0.925542509375 0.3901040671875 0.925084071875 0.40390604531249996 0.9072363078125001 0.4040878765625 0.8807196359375 0.37191264999999996 0.8665016031249999 0.36183211718749997 0.854070875 0.364012159375 0.8356961109375 0.3510127578125 0.8275416671875 0.3455352109375 0.8272825921875 0.32488316093749997 0.8283649203125
2 0.37821366562500003 0.79176714375 0.37186798125 0.801773071875 0.37264371406249996 0.8165749375000001 0.3769304859375 0.829576128125 0.393307878125 0.80984694375 0.39812709218750003 0.79798155 0.40551922500000004 0.7729168468750001 0.401449821875 0.761766459375 0.3794224234375 0.7629208671875001 0.3801301390625 0.7764248625 0.37821366562500003 0.79176714375
2 0.4803422046875 0.541056278125 0.4751925625 0.5216404781249999 0.4714185609375 0.521838265625 0.46371977812500004 0.5254799875 0.45203495312499997 0.5529350171875 0.4474099234375 0.564848128125 0.4472493078125 0.5682437203124999 0.4493919046875 0.60912691875 0.45482228906250005 0.622813284375 0.4647248828125 0.628129675 0.47150339218750004 0.6406122046875 0.47882559531249996 0.6133858078125 0.47719815 0.613903209375 0.48079075 0.5841060078125 0.48164824375000004 0.5659769953125 0.4803422046875 0.541056278125
2 0.6266842765625 0.882004990625 0.6501644359375 0.9018394046875 0.6533129046874999 0.9016743999999999 0.6674907453125 0.8927042140625 0.6654778734375 0.854296325 0.6503773296875 0.8165743093750001 0.6307551328125001 0.8094331718750001 0.6081732890625 0.8292898015624999 0.614811253125 0.8557845328125 0.6266842765625 0.882004990625
2 0.8885476015625 0.48902494843750005 0.875364175 0.48971586250000004 0.8667132578125001 0.491652828125 0.8547556953125 0.5148491171875 0.8688007531249999 0.5491252203125 0.91277375 0.5701621390625 0.9306270609375 0.54355093125 0.9255511015625 0.5134730421875 0.8982168312500001 0.4927312203125 0.8885476015625 0.48902494843750005
2 0.7883772359375001 0.48204274375 0.8795083984375 0.52822361875 0.8826107875 0.5280610296875 0.9161334906249999 0.514718175 0.8906860906249999 0.49680380468749996 0.8504491468750001 0.4639162203125 0.843532334375 0.4432809125 0.808682534375 0.42410957812500005 0.8031124859375 0.4069033359375 0.7698838046875001 0.3963960546875 0.7265917625 0.3942903546875 0.6988873609375 0.4001168203125 0.6587667546875 0.38371893125 0.5915963078125 0.387239184375 0.58126145 0.408525290625 0.5817465281249999 0.41778112968750003 0.593822790625 0.4441189796875 0.629059146875 0.44839664843750004 0.6446925125 0.4572013109375 0.677351778125 0.4791122625 0.705488415625 0.45926456718750003 0.73091074375 0.4544326609375 0.762451875 0.47727704062500004 0.7883772359375001 0.48204274375
2 0.49838727968749996 0.30304024687500003 0.49210800624999995 0.3161463859375 0.48542123437500007 0.341241346875 0.48568976093750005 0.34636515 0.498119378125 0.34777397187500003 0.4985232078125 0.3471720296875 0.5052577874999999 0.34275365625 0.5160400125 0.32418456562500003 0.5266189578125 0.29342981562500003 0.5143656734375 0.29271408125 0.5104099671875 0.292921390625 0.49838727968749996 0.30304024687500003
2 0.44389444375 0.3569020328125 0.4401009921875 0.3721353578125 0.440192125 0.3738742734375 0.44330188125000003 0.387133384375 0.45549226562499995 0.3943720953125 0.4563443515625 0.3943274390625 0.46432520625 0.3895162515625 0.466253334375 0.38476900625 0.46643144062499997 0.3670119953125 0.4662476546875 0.3635051296875 0.458383775 0.3509157046875 0.4516990640625 0.3491962046875 0.45064670937500007 0.34925135625000003 0.44389444375 0.3569020328125
2 0.6984395734375 0.79946903125 0.6901277921875 0.8139281109375001 0.69049415625 0.8209187703125 0.6924344984374999 0.829047728125 0.702099328125 0.8332612078125001 0.728110753125 0.8221616031250001 0.727995078125 0.81995439375 0.72397395 0.8061548421875001 0.7136781203125 0.792342596875 0.7115769078125 0.7924527171875 0.6984395734375 0.79946903125
2 0.5687180453125 0.7424431453125 0.5700469781249999 0.7393976624999999 0.5699558359375 0.7376585859375 0.5374262078125 0.7188679703124999 0.526761925 0.70655104375 0.5147034109375 0.691680675 0.49892083125 0.6925078046875 0.47401472968749997 0.6977108875 0.47319355625000004 0.6948731328125 0.47278101718750004 0.6971554765625 0.47340314375 0.7090263484375 0.47651221718750003 0.717231896875 0.4798996546875 0.7272477296875001 0.483832496875 0.7340159890625 0.49213143125 0.7421649234375 0.510016496875 0.75571291875 0.5446650234375 0.7614079625 0.561764959375 0.7599752671875 0.5687180453125 0.7424431453125
2 0.2932041296875 0.620916875 0.31863877500000004 0.6355548765625 0.3429112859375 0.6494132796875001 0.373565515625 0.6780676984375 0.401078828125 0.64030215625 0.400913771875 0.637152703125 0.354835740625 0.6202086640625 0.331745178125 0.5861144453125 0.3322922625 0.5751582046875 0.33288323750000004 0.56504029375 0.2986789015625 0.5542241640625 0.277428475 0.5460866531249999 0.2612233046875 0.54693593125 0.24939120625000002 0.555125959375 0.21749120624999999 0.5668848328125 0.2023639015625 0.5777645609375 0.20094089375 0.5855194703125 0.2019915640625 0.605567459375 0.21931652812500002 0.623108025 0.24310576250000002 0.6277453203125 0.23392080625 0.6450382921875 0.24534631093749998 0.6704975453124999 0.24557015 0.717558234375 0.2950534703125 0.6989939484375001 0.2916068953125 0.6546237953125 0.2932041296875 0.620916875
2 0.20522461406249998 0.7818655265625 0.22043412812500002 0.8039234640625 0.2566551703125 0.8104310015625 0.2768022921875 0.7883606296875 0.2806159734375 0.775552059375 0.256097534375 0.7709486937500001 0.2205643125 0.7728109125 0.20522461406249998 0.7818655265625