1 0.3753917703125 0.247562971875 0.3789101921875 0.2654806796875 0.39395029843749996 0.2778422625 0.43002506562500004 0.26872366875 0.430189909375 0.26636630625 0.41914444531250006 0.24355378437500003 0.4102384359375 0.2344486109375 0.3862026265625 0.23700906875 0.3753917703125 0.247562971875
1 0.39912020625 0.3360063484375 0.3831996125 0.33118201875 0.368580184375 0.348184840625 0.36987885781249996 0.3599389609375 0.371585828125 0.3759628328125 0.3779967046875 0.3802603 0.38865930625 0.38100590156249997 0.39768642656250003 0.3767276640625 0.4042469875 0.36857511249999997 0.4049978921875 0.35783667812500003 0.39912020625 0.3360063484375
1 0.3343507796875 0.44976390000000005 0.33555694375 0.43251494687500003 0.3233581125 0.41896919062500004 0.31234077656250003 0.41386575312499996 0.3086220296875 0.4136057125 0.3040077484375 0.4303396890625 0.30315804218750003 0.4500725484375 0.301195325 0.4478147015625 0.30713781875 0.45832008437500005 0.3151180921875 0.45887811875000006 0.3233397890625 0.45713873125 0.3283605921875 0.45980412499999995 0.331356665625 0.46001363125 0.3343507796875 0.44976390000000005
1 0.2378694140625 0.39348637656249996 0.22846910937499998 0.4066129515625 0.23298729687500003 0.41276054687499997 0.235122115625 0.41412636875000003 0.25581541875 0.41557338593750004 0.26024011874999997 0.412027340625 0.261774465625 0.390085175 0.2419768125 0.3852911875 0.2378694140625 0.39348637656249996
2 0.32944564375 0.1911877890625 0.31471305 0.19970029218750002 0.3195657515625 0.21117278437500003 0.33988834375 0.2209639578125 0.3416275875 0.221085578125 0.3427973078125 0.21697615468749998 0.343937971875 0.2006638859375 0.34014462343749996 0.1898153359375 0.32944564375 0.1911877890625
2 0.3199235875 0.3043931484375 0.30998462187500003 0.3100599515625 0.30453631875 0.3262927578125 0.3043685046875 0.3286925921875 0.3120408953125 0.34130589218749996 0.3172795671875 0.34625455 0.31953108124999996 0.3464119921875 0.328063471875 0.3380823984375 0.3287144390625 0.32877314375 0.327676078125 0.31483139531250004 0.3199235875 0.3043931484375
2 0.264042753125 0.285485428125 0.252936765625 0.300259896875 0.2554135515625 0.31032923125 0.2629727515625 0.3126970546875 0.274082990625 0.3134739578125 0.287819546875 0.3088147671875 0.2879890859375 0.306390240625 0.2783363484375 0.2857780671875 0.264042753125 0.285485428125
2 0.2562972765625 0.340192978125 0.2525059046875 0.34134159375 0.2444804671875 0.349969671875 0.24715400468749998 0.3572252953125 0.25551384062500004 0.3669965171875 0.25991790937500003 0.3673044796875 0.2697903546875 0.35951505 0.270283246875 0.3580013390625 0.270679440625 0.35233550625 0.2562972765625 0.340192978125
1 0.46086287343750004 0.0326722046875 0.454123728125 0.027959756250000002 0.43198429687499995 0.0237829234375 0.43178100312499995 0.0237687078125 0.4179193953125 0.0402723109375 0.41181737187499995 0.06688328437499999 0.436471271875 0.074218778125 0.43774577812500004 0.07430790000000001 0.4492834859375 0.0668524171875 0.46411764062499994 0.049969403125 0.46479710937499996 0.040252539062499995 0.46086287343750004 0.0326722046875
1 0.81744425 0.378352571875 0.8159611203124999 0.36923630625000003 0.81947825625 0.3694822484375 0.8111308562499999 0.365446703125 0.7960749921875 0.36439389375000003 0.7915625046875 0.3643492875 0.7796436203125 0.3730585421875 0.7711975296875 0.388170346875 0.770957125 0.39160830625 0.7836503140625 0.40673818749999996 0.8020869953125 0.405906803125 0.8103042828125 0.399589459375 0.8117455390625 0.389087234375 0.8225551890625 0.38613206875 0.81744425 0.378352571875
1 0.8366969078125001 0.9017714187499999 0.8387824890625 0.9071480578125 0.8361582203125 0.924459509375 0.8521525953125 0.9282287 0.85644694375 0.9274686859375001 0.8698861921875001 0.9222164625 0.8713149015624999 0.9017849640625 0.86735979375 0.8927117171875001 0.84951586875 0.895175 0.836992575 0.8975431796875 0.8366969078125001 0.9017714187499999
1 0.6030313046875 0.806746359375 0.583630465625 0.8011485171875 0.5689741453125 0.8186789093750001 0.56890285625 0.8298070796875001 0.5777387078125 0.8390612140625 0.603930375 0.8408927140625 0.609480303125 0.835825434375 0.6151870546875 0.8238915921875 0.6158774515625 0.814018465625 0.6030313046875 0.806746359375
1 0.5965297281249999 0.7357220296875 0.5918934703125001 0.7262085609375 0.572176603125 0.7276572921875 0.56670414375 0.7301020874999999 0.5605268703124999 0.7481417015625 0.560244915625 0.7521738515624999 0.5724534125 0.7616062703125 0.575870346875 0.7637474234375 0.596882671875 0.7652167484375 0.6006627984375 0.7628058640625001 0.60098255 0.7582332171874999 0.5990557015625 0.7450879359375 0.5965297281249999 0.7357220296875
1 0.3744302609375 0.638178678125 0.361789446875 0.6348813640625 0.35516346875 0.63865923125 0.345391759375 0.6469884828125 0.3410261203125 0.6588766625 0.348003865625 0.6694976734375 0.350847334375 0.6696965078125 0.3646844171875 0.664242065625 0.3703831265625 0.653507403125 0.3740944046875 0.642981653125 0.3744302609375 0.638178678125
1 0.48053940937500006 0.45144024531250004 0.46665774843749996 0.4414355 0.4488959171875 0.4369064671875 0.44583223906249997 0.43669223281249997 0.4391074203125 0.44904325468749995 0.438634759375 0.4558026203125 0.44255855468750005 0.4687543515625 0.4475747671875 0.47861463593750003 0.4535248296875 0.484219615625 0.46558762500000006 0.485063128125 0.47858729375 0.4793568171875 0.48143374375 0.474318215625 0.48276105625000004 0.45533677343749995 0.48053940937500006 0.45144024531250004