1 0.5725874984375 0.5319445046875 0.5458078953125 0.523910625 0.530505265625 0.5256321703125 0.5282098703125 0.5325183546875001 0.529740134375 0.544569175 0.542348009375 0.5484375 0.561696678125 0.5484375 0.5733526296875 0.54743841875 0.5725874984375 0.5319445046875
1 0.5359375 0.463441271875 0.5359375 0.45656339062500007 0.532986675 0.4441980296875 0.5289697343750001 0.4441980296875 0.5174927609375 0.44572829062499997 0.5092095390625 0.45530001249999996 0.5092095390625 0.4592806453125 0.5106065765625 0.47480328906249997 0.51742739375 0.49375 0.517867265625 0.49375 0.523805096875 0.49087105 0.5359375 0.463441271875
1 0.3031029984375 0.45150589375 0.29793836093750004 0.43084734375 0.2830182953125 0.42090063281249995 0.2784275046875 0.43237760625000005 0.27957520625 0.45992234062500004 0.284458728125 0.4765625 0.29429034062500004 0.4765625 0.303125 0.47098271562500005 0.303125 0.452239278125 0.3031029984375 0.45150589375
1 0.3774548453125 0.484375 0.353896546875 0.49061101875 0.34394983749999997 0.500366446875 0.349305759375 0.5135649640625 0.355939565625 0.5140625 0.3666889109375 0.5140625 0.392153125 0.5061049328125 0.3921875 0.5059631359375001 0.3921875 0.4878169953125 0.3818615125 0.484375 0.3774548453125 0.484375
1 0.430064525 0.49556126718750004 0.4152703171875 0.49556126718750004 0.402929934375 0.49908709062499995 0.38910493281249997 0.508937403125 0.38910493281249997 0.5119509156250001 0.39757401406250004 0.5231887328125 0.42435361718750003 0.5231887328125 0.43125 0.5169819875 0.43125 0.499117690625 0.430064525 0.49556126718750004
1 0.657605434375 0.7477060703125 0.6520771421875 0.75262010625 0.6410205609374999 0.7673622171875001 0.6476834359375 0.7859375 0.664527275 0.7859375 0.671875 0.78387498125 0.671875 0.782429715625 0.6649764874999999 0.763267184375 0.657605434375 0.7477060703125
1 0.5688690828125 0.7730685765625 0.5703125 0.76061909375 0.5703125 0.758539371875 0.5672310703125001 0.7521839234375001 0.5664120640625 0.74849839375 0.5557649859375 0.747269884375 0.5453125 0.754506221875 0.5453125 0.7559544500000001 0.5459369125 0.7601692296875 0.5492129359375 0.7669260343750001 0.555000909375 0.7734375 0.5649339 0.7734375 0.5688690828125 0.7730685765625
1 0.5546875 0.8184752734374999 0.5415494421875 0.8078125 0.5261214437499999 0.8078125 0.5169841171875 0.8159345671875 0.5169841171875 0.81623001875 0.52124159375 0.8421803656250001 0.5322981765625 0.8454563890625 0.5408098406249999 0.846875 0.5485978984375001 0.846875 0.5507258140625 0.8454563890625 0.5544113421875 0.8331712984375 0.5546875 0.8304097171875 0.5546875 0.8184752734374999
1 0.36235401718750004 0.760546875 0.35987465625000004 0.760546875 0.3587226046875 0.7759075828124999 0.37012990625 0.803125 0.3736945859375 0.803125 0.3828125 0.8013882546875 0.3828125 0.7785032000000001 0.3734647125 0.765260503125 0.36235401718750004 0.760546875
1 0.35819173593750003 0.7471886875 0.364630040625 0.75636326875 0.3810101609375 0.768648359375 0.39493326406249996 0.7661913421875 0.3892002234375 0.755134759375 0.37773413749999996 0.7446924328125 0.366268053125 0.739164140625 0.3588969984375 0.741621159375 0.35819173593750003 0.7425027375 0.35819173593750003 0.7471886875
1 0.42732776250000004 0.9005939046875 0.4207757140625 0.905507940625 0.41504267031250003 0.914721759375 0.422892575 0.91875 0.4453125 0.91875 0.4453125 0.904868640625 0.43797484062500003 0.8993653953124999 0.42732776250000004 0.9005939046875
1 0.5010786609375 0.9308457546875 0.49186484375 0.9349407875000001 0.485722296875 0.9513209093749999 0.4912505875 0.9644250046874999 0.49161100468749996 0.96875 0.495720015625 0.96875 0.5084497171875 0.9586919640625 0.509375 0.9530168937499999 0.509375 0.93800338125 0.5010786609375 0.9308457546875
1 0.389815259375 0.7951618500000001 0.38808752812499997 0.7951618500000001 0.37871198125 0.79655081875 0.3658126359375 0.79818883125 0.3615128546875 0.814568953125 0.37219460781249997 0.8265625 0.38842209687499996 0.8265625 0.390625 0.8243595953125 0.390625 0.79948046875 0.389815259375 0.7951618500000001
1 0.8828125 0.947712959375 0.8828125 0.93393561875 0.879315246875 0.9245679750000001 0.8612971125 0.9141256468750001 0.8449169921875 0.917811175 0.8432789796875 0.9270249921874999 0.8498310296874999 0.944838375 0.8531070515625 0.9515951749999999 0.8588183968750001 0.953125 0.8738218265625 0.953125 0.879315246875 0.9522094296875 0.8828125 0.947712959375
2 0.518732315625 0.6614408765625 0.5234375 0.6441885375 0.5234375 0.643303396875 0.5107470078125 0.6360516875 0.5082899890625 0.6360516875 0.5015331890625 0.6376896999999999 0.49600489843749995 0.6458797609375 0.48863384375 0.6581648515625 0.48755709375 0.6682145171875 0.48755709375 0.669684896875 0.4937167609375 0.671875 0.5097027875 0.671875 0.518732315625 0.6614408765625
2 0.33359375 0.896875 0.08125 0.08125
1 0.184375 0.8449759374999999 0.182851340625 0.8352626015625001 0.1640142015625 0.834648346875 0.151729109375 0.8524617296875 0.1476340796875 0.865361075 0.14696598593750002 0.871875 0.1566243015625 0.871875 0.16319519531249999 0.870889365625 0.1730232703125 0.8629040578125 0.184375 0.8458764578125001 0.184375 0.8449759374999999
1 0.259375 0.7143179921875 0.259375 0.70556213125 0.2561585171875 0.7001343171875 0.24796845625000002 0.6927632640625 0.23486435781249998 0.70197708125 0.227493303125 0.700748571875 0.23240734062500001 0.7130336625 0.2381403828125 0.7216332265625 0.23977839531249998 0.7228617359375 0.24714945 0.7204047171875 0.2561585171875 0.7173334453125 0.259375 0.7143179921875
1 0.44812231562499993 0.95734725625 0.45 0.9527573609375001 0.45 0.929181959375 0.44504288281250004 0.9260094046875 0.44111256406250005 0.9260094046875 0.4375014765625 0.9265074859375 0.42570054375 0.9343747734375001 0.4242844328125 0.9497946578124999 0.42688063749999994 0.9598647874999999 0.431492259375 0.9625 0.43843885312499997 0.9625 0.441277775 0.961123553125 0.44812231562499993 0.95734725625
1 0.3515625 0.9876457484375001 0.3515625 0.9777823828125 0.3471722578125 0.9732353453125 0.326851165625 0.96794339375 0.312457059375 0.9690017843750001 0.3059656 0.974717090625 0.3042721765625 0.984242603125 0.30765902343749996 0.991651334375 0.3138550859375 0.99375 0.34187012656250004 0.99375 0.3474544953125 0.9920746890625001 0.3515625 0.9876457484375001
1 0.58454720625 0.940625 0.59237861875 0.9375992265624999 0.6018971890625 0.92469424375 0.6109375 0.9176802093750001 0.6109375 0.9130786890625 0.6099513625 0.9109655375000001 0.590914225 0.9060232031250001 0.5802973578125 0.9112401109375 0.579565159375 0.9106909625 0.5733414812500001 0.913711278125 0.5693143953125 0.9213993531250001 0.5660195015625 0.9326568921874999 0.5641890078125 0.9403449671875 0.5646038718749999 0.940625 0.58454720625 0.940625
2 0.517417353125 0.9750647062500001 0.5166851546875 0.9767121515625 0.5177834515625 0.995657765625 0.5230340609375 0.9984375 0.5246204109375 0.9984375 0.5331596015625 0.9912645796874999 0.5375527875 0.9854985234375 0.54375 0.9766919578125 0.54375 0.9749354328125 0.5349900953125 0.9671020562500001 0.542678171875 0.9596885546875 0.5360883921874999 0.94815644375 0.5298647125 0.9456852765624999 0.5082648812499999 0.9577665375000001 0.5078125 0.9565790359375 0.5078125 0.9569987578125 0.5097292765625 0.9649054640625 0.5137563640625 0.9668274828125 0.517417353125 0.9750647062500001
2 0.76048145625 0.990625 0.764929234375 0.9881540109375001 0.7718125234375 0.9806971156250001 0.7855791015625 0.9789762921875 0.7890207453125 0.9766818625000001 0.7946134203125 0.9680777546874999 0.805368559375 0.9611944625 0.810100821875 0.9600472484375 0.8144028750000001 0.9571792109375 0.8152632890625 0.9508695296875 0.8109612328125 0.9462806703125001 0.80407794375 0.941118203125 0.793610996875 0.9375 0.7916682953125 0.9375 0.78213745625 0.9422654171874999 0.78213745625 0.9514431359375 0.774393759375 0.9571792109375 0.7640688250000001 0.959473640625 0.7610573859375 0.9606208546874999 0.7571855359375 0.9680777546874999 0.7441117140625 0.9778290765625 0.7477210125 0.9893012265625 0.7540089328125 0.990625 0.76048145625 0.990625
2 0.712970028125 0.8233498546875 0.72673660625 0.8348220062499999 0.7284574312500001 0.8594871234375001 0.7426542140625 0.870385665625 0.7516885328125 0.8761217406249999 0.7516885328125 0.8881674953124999 0.7581394828125 0.890625 0.765405465625 0.890625 0.771875 0.8823739984375001 0.771875 0.8776683734375 0.7658853171875 0.8692384515624999 0.7572812015625 0.8526038343750001 0.7577114109374999 0.8491621890625 0.76889675625 0.8480149750000001 0.7615832609375001 0.8319539671875 0.7465260625 0.8187609953124999 0.7374917484375 0.8153193515625 0.7275970203125001 0.8021263812500001 0.7099585921875 0.8026999874999999 0.712970028125 0.8233498546875
2 0.7328125 0.7860174828125001 0.7607071265625 0.7917887859375 0.8083742 0.8020031578125 0.835612528125 0.8224319046874999 0.83950371875 0.8297278859375 0.8516806390625 0.83125 0.8661753234375 0.83125 0.887170790625 0.8224319046874999 0.89106198125 0.8071103453124999 0.9124635234375 0.7998143640625 0.921875 0.7856971515625 0.921875 0.7851344890624999 0.89592596875 0.7779264218749999 0.8764700187500001 0.7742784328125001 0.8463132999999999 0.7713600406250001 0.835612528125 0.7545792859375 0.8122653906249999 0.7246657640625 0.779190278125 0.723936165625 0.7509791531250001 0.75093129375 0.734441596875 0.7728192359375 0.7328125 0.7838156359374999 0.7328125 0.7860174828125001
2 0.1325006046875 0.8086520828125 0.1299202078125 0.798201475 0.11340566562500001 0.7916214609375001 0.10205191875 0.79897559375 0.11443782499999999 0.8113615 0.12652138125 0.8171875 0.1328125 0.8171875 0.1328125 0.8097882734375 0.1325006046875 0.8086520828125
2 0.08665420625 0.8255311828125 0.090625 0.8202367921875 0.090625 0.7984375 0.08500500625 0.7984375 0.0827836109375 0.798695053125 0.0742683 0.8007593703125 0.074655359375 0.7992111328125 0.0676882875 0.8074684031249999 0.06504404531249999 0.818045371875 0.06504404531249999 0.8184291796875 0.0696235859375 0.8270794218749999 0.077864884375 0.8328125 0.0790088234375 0.8328125 0.08665420625 0.8255311828125
2 0.05415649375 0.864413646875 0.0593172875 0.864413646875 0.0670584796875 0.8655748265625001 0.0703125 0.8638315999999999 0.0703125 0.8516944609375001 0.05776905 0.8535759796875 0.053640414062499996 0.857446575 0.05415649375 0.864413646875